  -0.98750000000000E+01   0.50000000000000E+00
  -0.96250000000000E+01   0.50000000000000E+00
  -0.93750000000000E+01   0.50000000000000E+00
  -0.91250000000000E+01   0.50000000000000E+00
  -0.88750000000000E+01   0.50000000000000E+00
  -0.86250000000000E+01   0.50000000000000E+00
  -0.83750000000000E+01   0.50000000000000E+00
  -0.81250000000000E+01   0.50000000000000E+00
  -0.78750000000000E+01   0.50000000000000E+00
  -0.76250000000000E+01   0.50000000000000E+00
  -0.73750000000000E+01   0.50000000000000E+00
  -0.71250000000000E+01   0.50000000000000E+00
  -0.68750000000000E+01   0.50000000000000E+00
  -0.66250000000000E+01   0.50000000000000E+00
  -0.63750000000000E+01   0.50000000000000E+00
  -0.61250000000000E+01   0.50000000000000E+00
  -0.58750000000000E+01   0.50000000000000E+00
  -0.56250000000000E+01   0.50000000000000E+00
  -0.53750000000000E+01   0.50000000000000E+00
  -0.51250000000000E+01   0.50000000000000E+00
  -0.48750000000000E+01   0.50000000000000E+00
  -0.46250000000000E+01   0.50000000000000E+00
  -0.43750000000000E+01   0.50000000000000E+00
  -0.41250000000000E+01   0.50000000000000E+00
  -0.38750000000000E+01   0.50000000000000E+00
  -0.36250000000000E+01   0.50000000000000E+00
  -0.33750000000000E+01   0.50000000000000E+00
  -0.31250000000000E+01   0.50000000000000E+00
  -0.28750000000000E+01   0.50000000000000E+00
  -0.26250000000000E+01   0.50000000000000E+00
  -0.23750000000000E+01   0.50000000000000E+00
  -0.21250000000000E+01   0.50000000000000E+00
  -0.18750000000000E+01   0.50000000000000E+00
  -0.16250000000000E+01   0.50000000000000E+00
  -0.13750000000000E+01   0.50000000000000E+00
  -0.11250000000000E+01   0.50000000000000E+00
  -0.87500000000000E+00   0.50000000000000E+00
  -0.62500000000000E+00   0.50000000000000E+00
  -0.37500000000000E+00   0.50000000000000E+00
  -0.12500000000000E+00   0.50000000000000E+00
   0.12500000000000E+00   0.50000000000000E+00
   0.37500000000000E+00   0.50000000000000E+00
   0.62500000000000E+00   0.50000000000000E+00
   0.87500000000000E+00   0.50000000000000E+00
   0.11250000000000E+01   0.50000000000000E+00
   0.13750000000000E+01   0.50000000000000E+00
   0.16250000000000E+01   0.50000000000000E+00
   0.18750000000000E+01   0.50000000000000E+00
   0.21250000000000E+01   0.50000000000000E+00
   0.23750000000000E+01   0.50000000000000E+00
   0.26250000000000E+01   0.50000000000000E+00
   0.28750000000000E+01   0.50000000000000E+00
   0.31250000000000E+01   0.50000000000000E+00
   0.33750000000000E+01   0.50000000000000E+00
   0.36250000000000E+01   0.50000000000000E+00
   0.38750000000000E+01   0.50000000000000E+00
   0.41250000000000E+01   0.50000000000000E+00
   0.43750000000000E+01   0.50000000000000E+00
   0.46250000000000E+01   0.50000000000000E+00
   0.48750000000000E+01   0.50000000000000E+00
   0.51250000000000E+01   0.50000000000000E+00
   0.53750000000000E+01   0.50000000000000E+00
   0.56250000000000E+01   0.50000000000000E+00
   0.58750000000000E+01   0.50000000000000E+00
   0.61250000000000E+01   0.50000000000000E+00
   0.63750000000000E+01   0.50000000000000E+00
   0.66250000000000E+01   0.50000000000000E+00
   0.68750000000000E+01   0.50000000000000E+00
   0.71250000000000E+01   0.50000000000000E+00
   0.73750000000000E+01   0.50000000000000E+00
   0.76250000000000E+01   0.50000000000000E+00
   0.78750000000000E+01   0.50000000000000E+00
   0.81250000000000E+01   0.50000000000000E+00
   0.83750000000000E+01   0.50000000000000E+00
   0.86250000000000E+01   0.50000000000000E+00
   0.88750000000000E+01   0.50000000000000E+00
   0.91250000000000E+01   0.50000000000000E+00
   0.93750000000000E+01   0.50000000000000E+00
   0.96250000000000E+01   0.50000000000000E+00
   0.98750000000000E+01   0.50000000000000E+00
   0.10125000000000E+02   0.50000000000000E+00
   0.10375000000000E+02   0.50000000000000E+00
   0.10625000000000E+02   0.50000000000000E+00
   0.10875000000000E+02   0.50000000000000E+00
   0.11125000000000E+02   0.50000000000000E+00
   0.11375000000000E+02   0.50000000000000E+00
   0.11625000000000E+02   0.50000000000000E+00
   0.11875000000000E+02   0.50000000000000E+00
   0.12125000000000E+02   0.50000000000000E+00
   0.12375000000000E+02   0.50000000000000E+00
   0.12625000000000E+02   0.50000000000000E+00
   0.12875000000000E+02   0.50000000000000E+00
   0.13125000000000E+02   0.50000000000000E+00
   0.13375000000000E+02   0.50000000000000E+00
   0.13625000000000E+02   0.50000000000000E+00
   0.13875000000000E+02   0.50000000000000E+00
   0.14125000000000E+02   0.50000000000000E+00
   0.14375000000000E+02   0.50000000000000E+00
   0.14625000000000E+02   0.50000000000000E+00
   0.14875000000000E+02   0.50000000000000E+00
   0.15125000000000E+02   0.50000000000000E+00
   0.15375000000000E+02   0.50000000000000E+00
   0.15625000000000E+02   0.50000000000000E+00
   0.15875000000000E+02   0.50000000000000E+00
   0.16125000000000E+02   0.50000000000000E+00
   0.16375000000000E+02   0.50000000000000E+00
   0.16625000000000E+02   0.50000000000000E+00
   0.16875000000000E+02   0.50000000000000E+00
   0.17125000000000E+02   0.50000000000000E+00
   0.17375000000000E+02   0.50000000000000E+00
   0.17625000000000E+02   0.50000000000000E+00
   0.17875000000000E+02   0.50000000000000E+00
   0.18125000000000E+02   0.50000000000000E+00
   0.18375000000000E+02   0.50000000000000E+00
   0.18625000000000E+02   0.50000000000000E+00
   0.18875000000000E+02   0.50000000000000E+00
   0.19125000000000E+02   0.50000000000000E+00
   0.19375000000000E+02   0.50000000000000E+00
   0.19625000000000E+02   0.50000000000000E+00
   0.19875000000000E+02   0.50000000000000E+00
   0.20125000000000E+02   0.50000000000000E+00
   0.20375000000000E+02   0.50000000000000E+00
   0.20625000000000E+02   0.50000000000000E+00
   0.20875000000000E+02   0.50000000000000E+00
   0.21125000000000E+02   0.50000000000000E+00
   0.21375000000000E+02   0.50000000000000E+00
   0.21625000000000E+02   0.50000000000000E+00
   0.21875000000000E+02   0.50000000000000E+00
   0.22125000000000E+02   0.50000000000000E+00
   0.22375000000000E+02   0.50000000000000E+00
   0.22625000000000E+02   0.50000000000000E+00
   0.22875000000000E+02   0.50000000000000E+00
   0.23125000000000E+02   0.50000000000000E+00
   0.23375000000000E+02   0.50000000000000E+00
   0.23625000000000E+02   0.50000000000000E+00
   0.23875000000000E+02   0.50000000000000E+00
   0.24125000000000E+02   0.50000000000000E+00
   0.24375000000000E+02   0.50000000000000E+00
   0.24625000000000E+02   0.50000000000000E+00
   0.24875000000000E+02   0.50000000000000E+00
   0.25125000000000E+02   0.50000000000000E+00
   0.25375000000000E+02   0.50000000000000E+00
   0.25625000000000E+02   0.50000000000000E+00
   0.25875000000000E+02   0.50000000000000E+00
   0.26125000000000E+02   0.50000000000000E+00
   0.26375000000000E+02   0.50000000000000E+00
   0.26625000000000E+02   0.50000000000000E+00
   0.26875000000000E+02   0.50000000000000E+00
   0.27125000000000E+02   0.50000000000000E+00
   0.27375000000000E+02   0.50000000000000E+00
   0.27625000000000E+02   0.50000000000000E+00
   0.27875000000000E+02   0.50000000000000E+00
   0.28125000000000E+02   0.50000000000000E+00
   0.28375000000000E+02   0.50000000000000E+00
   0.28625000000000E+02   0.50000000000000E+00
   0.28875000000000E+02   0.50000000000000E+00
   0.29125000000000E+02   0.50000000000000E+00
   0.29375000000000E+02   0.50000000000000E+00
   0.29625000000000E+02   0.50000000000000E+00
   0.29875000000000E+02   0.50000000000000E+00
   0.30125000000000E+02   0.50000000000000E+00
   0.30375000000000E+02   0.50000000000000E+00
   0.30625000000000E+02   0.50000000000000E+00
   0.30875000000000E+02   0.50000000000000E+00
   0.31125000000000E+02   0.50000000000000E+00
   0.31375000000000E+02   0.50000000000000E+00
   0.31625000000000E+02   0.50000000000000E+00
   0.31875000000000E+02   0.50000000000000E+00
   0.32125000000000E+02   0.50000000000000E+00
   0.32375000000000E+02   0.50000000000000E+00
   0.32625000000000E+02   0.50000000000000E+00
   0.32875000000000E+02   0.50000000000000E+00
   0.33125000000000E+02   0.50000000000000E+00
   0.33375000000000E+02   0.50000000000000E+00
   0.33625000000000E+02   0.50000000000000E+00
   0.33875000000000E+02   0.50000000000000E+00
   0.34125000000000E+02   0.50000000000000E+00
   0.34375000000000E+02   0.50000000000000E+00
   0.34625000000000E+02   0.50000000000000E+00
   0.34875000000000E+02   0.50000000000000E+00
   0.35125000000000E+02   0.50000000000000E+00
   0.35375000000000E+02   0.50000000000000E+00
   0.35625000000000E+02   0.50000000000000E+00
   0.35875000000000E+02   0.50000000000000E+00
   0.36125000000000E+02   0.50000000000000E+00
   0.36375000000000E+02   0.50000000000000E+00
   0.36625000000000E+02   0.50000000000000E+00
   0.36875000000000E+02   0.50000000000000E+00
   0.37125000000000E+02   0.50000000000000E+00
   0.37375000000000E+02   0.50000000000000E+00
   0.37625000000000E+02   0.50000000000000E+00
   0.37875000000000E+02   0.50000000000000E+00
   0.38125000000000E+02   0.50000000000000E+00
   0.38375000000000E+02   0.50000000000000E+00
   0.38625000000000E+02   0.50000000000000E+00
   0.38875000000000E+02   0.50000000000000E+00
   0.39125000000000E+02   0.50000000000000E+00
   0.39375000000000E+02   0.50000000000000E+00
   0.39625000000000E+02   0.50000000000000E+00
   0.39875000000000E+02   0.50000000000000E+00
   0.40125000000000E+02   0.50000000000000E+00
   0.40375000000000E+02   0.50000000000000E+00
   0.40625000000000E+02   0.50000000000000E+00
   0.40875000000000E+02   0.50000000000000E+00
   0.41125000000000E+02   0.50000000000000E+00
   0.41375000000000E+02   0.50000000000000E+00
   0.41625000000000E+02   0.50000000000000E+00
   0.41875000000000E+02   0.50000000000000E+00
   0.42125000000000E+02   0.50000000000000E+00
   0.42375000000000E+02   0.50000000000000E+00
   0.42625000000000E+02   0.50000000000000E+00
   0.42875000000000E+02   0.50000000000000E+00
   0.43125000000000E+02   0.50000000000000E+00
   0.43375000000000E+02   0.50000000000000E+00
   0.43625000000000E+02   0.50000000000000E+00
   0.43875000000000E+02   0.50000000000000E+00
   0.44125000000000E+02   0.50000000000000E+00
   0.44375000000000E+02   0.50000000000000E+00
   0.44625000000000E+02   0.50000000000000E+00
   0.44875000000000E+02   0.50000000000000E+00
   0.45125000000000E+02   0.50000000000000E+00
   0.45375000000000E+02   0.50000000000000E+00
   0.45625000000000E+02   0.50000000000000E+00
   0.45875000000000E+02   0.50000000000000E+00
   0.46125000000000E+02   0.50000000000000E+00
   0.46375000000000E+02   0.50000000000000E+00
   0.46625000000000E+02   0.50000000000000E+00
   0.46875000000000E+02   0.50000000000000E+00
   0.47125000000000E+02   0.50000000000000E+00
   0.47375000000000E+02   0.50000000000000E+00
   0.47625000000000E+02   0.50000000000000E+00
   0.47875000000000E+02   0.50000000000000E+00
   0.48125000000000E+02   0.50000000000000E+00
   0.48375000000000E+02   0.50000000000000E+00
   0.48625000000000E+02   0.50000000000000E+00
   0.48875000000000E+02   0.50000000000000E+00
   0.49125000000000E+02   0.50000000000000E+00
   0.49375000000000E+02   0.50000000000000E+00
   0.49625000000000E+02   0.50000000000000E+00
   0.49875000000000E+02   0.50000000000000E+00
   0.50125000000000E+02   0.50000000000000E+00
   0.50375000000000E+02   0.50000000000000E+00
   0.50625000000000E+02   0.50000000000000E+00
   0.50875000000000E+02   0.50000000000000E+00
   0.51125000000000E+02   0.50000000000000E+00
   0.51375000000000E+02   0.50000000000000E+00
   0.51625000000000E+02   0.50000000000000E+00
   0.51875000000000E+02   0.50000000000000E+00
   0.52125000000000E+02   0.50000000000000E+00
   0.52375000000000E+02   0.50000000000000E+00
   0.52625000000000E+02   0.50000000000000E+00
   0.52875000000000E+02   0.50000000000000E+00
   0.53125000000000E+02   0.50000000000000E+00
   0.53375000000000E+02   0.50000000000000E+00
   0.53625000000000E+02   0.50000000000000E+00
   0.53875000000000E+02   0.50000000000000E+00
   0.54125000000000E+02   0.50000000000000E+00
   0.54375000000000E+02   0.50000000000000E+00
   0.54625000000000E+02   0.50000000000000E+00
   0.54875000000000E+02   0.50000000000000E+00
   0.55125000000000E+02   0.50000000000000E+00
   0.55375000000000E+02   0.50000000000000E+00
   0.55625000000000E+02   0.50000000000000E+00
   0.55875000000000E+02   0.50000000000000E+00
   0.56125000000000E+02   0.50000000000000E+00
   0.56375000000000E+02   0.50000000000000E+00
   0.56625000000000E+02   0.50000000000000E+00
   0.56875000000000E+02   0.50000000000000E+00
   0.57125000000000E+02   0.50000000000000E+00
   0.57375000000000E+02   0.50000000000000E+00
   0.57625000000000E+02   0.50000000000000E+00
   0.57875000000000E+02   0.50000000000000E+00
   0.58125000000000E+02   0.50000000000000E+00
   0.58375000000000E+02   0.50000000000000E+00
   0.58625000000000E+02   0.50000000000000E+00
   0.58875000000000E+02   0.50000000000000E+00
   0.59125000000000E+02   0.50000000000000E+00
   0.59375000000000E+02   0.50000000000000E+00
   0.59625000000000E+02   0.50000000000000E+00
   0.59875000000000E+02   0.50000000000000E+00
   0.60125000000000E+02   0.50000000000000E+00
   0.60375000000000E+02   0.50000000000000E+00
   0.60625000000000E+02   0.50000000000000E+00
   0.60875000000000E+02   0.50000000000000E+00
   0.61125000000000E+02   0.50000000000000E+00
   0.61375000000000E+02   0.50000000000000E+00
   0.61625000000000E+02   0.50000000000000E+00
   0.61875000000000E+02   0.50000000000000E+00
   0.62125000000000E+02   0.50000000000000E+00
   0.62375000000000E+02   0.50000000000000E+00
   0.62625000000000E+02   0.50000000000000E+00
   0.62875000000000E+02   0.50000000000000E+00
   0.63125000000000E+02   0.50000000000000E+00
   0.63375000000000E+02   0.50000000000000E+00
   0.63625000000000E+02   0.50000000000000E+00
   0.63875000000000E+02   0.50000000000000E+00
   0.64125000000000E+02   0.50000000000000E+00
   0.64375000000000E+02   0.50000000000000E+00
   0.64625000000000E+02   0.50000000000000E+00
   0.64875000000000E+02   0.50000000000000E+00
   0.65125000000000E+02   0.50000000000000E+00
   0.65375000000000E+02   0.50000000000000E+00
   0.65625000000000E+02   0.50000000000000E+00
   0.65875000000000E+02   0.50000000000000E+00
   0.66125000000000E+02   0.50000000000000E+00
   0.66375000000000E+02   0.50000000000000E+00
   0.66625000000000E+02   0.50000000000000E+00
   0.66875000000000E+02   0.50000000000000E+00
   0.67125000000000E+02   0.50000000000000E+00
   0.67375000000000E+02   0.50000000000000E+00
   0.67625000000000E+02   0.50000000000000E+00
   0.67875000000000E+02   0.50000000000000E+00
   0.68125000000000E+02   0.50000000000000E+00
   0.68375000000000E+02   0.50000000000000E+00
   0.68625000000000E+02   0.50000000000000E+00
   0.68875000000000E+02   0.50000000000000E+00
   0.69125000000000E+02   0.50000000000000E+00
   0.69375000000000E+02   0.50000000000000E+00
   0.69625000000000E+02   0.50000000000000E+00
   0.69875000000000E+02   0.50000000000000E+00
   0.70125000000000E+02   0.50000000000000E+00
   0.70375000000000E+02   0.50000000000000E+00
   0.70625000000000E+02   0.50000000000000E+00
   0.70875000000000E+02   0.50000000000000E+00
   0.71125000000000E+02   0.50000000000000E+00
   0.71375000000000E+02   0.50000000000000E+00
   0.71625000000000E+02   0.50000000000000E+00
   0.71875000000000E+02   0.50000000000000E+00
   0.72125000000000E+02   0.50000000000000E+00
   0.72375000000000E+02   0.50000000000000E+00
   0.72625000000000E+02   0.50000000000000E+00
   0.72875000000000E+02   0.50000000000000E+00
   0.73125000000000E+02   0.50000000000000E+00
   0.73375000000000E+02   0.50000000000000E+00
   0.73625000000000E+02   0.50000000000000E+00
   0.73875000000000E+02   0.50000000000000E+00
   0.74125000000000E+02   0.50000000000000E+00
   0.74375000000000E+02   0.50000000000000E+00
   0.74625000000000E+02   0.50000000000000E+00
   0.74875000000000E+02   0.50000000000000E+00
   0.75125000000000E+02   0.50000000000000E+00
   0.75375000000000E+02   0.50000000000000E+00
   0.75625000000000E+02   0.50000000000000E+00
   0.75875000000000E+02   0.50000000000000E+00
   0.76125000000000E+02   0.50000000000000E+00
   0.76375000000000E+02   0.50000000000000E+00
   0.76625000000000E+02   0.50000000000000E+00
   0.76875000000000E+02   0.50000000000000E+00
   0.77125000000000E+02   0.50000000000000E+00
   0.77375000000000E+02   0.50000000000000E+00
   0.77625000000000E+02   0.50000000000000E+00
   0.77875000000000E+02   0.50000000000000E+00
   0.78125000000000E+02   0.50000000000000E+00
   0.78375000000000E+02   0.50000000000000E+00
   0.78625000000000E+02   0.50000000000000E+00
   0.78875000000000E+02   0.50000000000000E+00
   0.79125000000000E+02   0.50000000000000E+00
   0.79375000000000E+02   0.50000000000000E+00
   0.79625000000000E+02   0.50000000000000E+00
   0.79875000000000E+02   0.50000000000000E+00
   0.80125000000000E+02   0.50000000000000E+00
   0.80375000000000E+02   0.50000000000000E+00
   0.80625000000000E+02   0.50000000000000E+00
   0.80875000000000E+02   0.50000000000000E+00
   0.81125000000000E+02   0.50000000000000E+00
   0.81375000000000E+02   0.50000000000000E+00
   0.81625000000000E+02   0.50000000000000E+00
   0.81875000000000E+02   0.50000000000000E+00
   0.82125000000000E+02   0.50000000000000E+00
   0.82375000000000E+02   0.50000000000000E+00
   0.82625000000000E+02   0.50000000000000E+00
   0.82875000000000E+02   0.50000000000000E+00
   0.83125000000000E+02   0.50000000000000E+00
   0.83375000000000E+02   0.50000000000000E+00
   0.83625000000000E+02   0.50000000000000E+00
   0.83875000000000E+02   0.50000000000000E+00
   0.84125000000000E+02   0.50000000000000E+00
   0.84375000000000E+02   0.50000000000000E+00
   0.84625000000000E+02   0.50000000000000E+00
   0.84875000000000E+02   0.50000000000000E+00
   0.85125000000000E+02   0.50000000000000E+00
   0.85375000000000E+02   0.50000000000000E+00
   0.85625000000000E+02   0.50000000000000E+00
   0.85875000000000E+02   0.50000000000000E+00
   0.86125000000000E+02   0.50000000000000E+00
   0.86375000000000E+02   0.50000000000000E+00
   0.86625000000000E+02   0.50000000000000E+00
   0.86875000000000E+02   0.50000000000000E+00
   0.87125000000000E+02   0.50000000000000E+00
   0.87375000000000E+02   0.50000000000000E+00
   0.87625000000000E+02   0.50000000000000E+00
   0.87875000000000E+02   0.50000000000000E+00
   0.88125000000000E+02   0.50000000000000E+00
   0.88375000000000E+02   0.50000000000000E+00
   0.88625000000000E+02   0.50000000000000E+00
   0.88875000000000E+02   0.50000000000000E+00
   0.89125000000000E+02   0.50000000000000E+00
   0.89375000000000E+02   0.50000000000000E+00
   0.89625000000000E+02   0.50000000000000E+00
   0.89875000000000E+02   0.50000000000000E+00
   0.90125000000000E+02   0.50000000000000E+00
   0.90375000000000E+02   0.50000000000000E+00
   0.90625000000000E+02   0.50000000000000E+00
   0.90875000000000E+02   0.50000000000000E+00
   0.91125000000000E+02   0.50000000000000E+00
   0.91375000000000E+02   0.50000000000000E+00
   0.91625000000000E+02   0.50000000000000E+00
   0.91875000000000E+02   0.50000000000000E+00
   0.92125000000000E+02   0.50000000000000E+00
   0.92375000000000E+02   0.50000000000000E+00
   0.92625000000000E+02   0.50000000000000E+00
   0.92875000000000E+02   0.50000000000000E+00
   0.93125000000000E+02   0.50000000000000E+00
   0.93375000000000E+02   0.50000000000000E+00
   0.93625000000000E+02   0.50000000000000E+00
   0.93875000000000E+02   0.50000000000000E+00
   0.94125000000000E+02   0.50000000000000E+00
   0.94375000000000E+02   0.50000000000000E+00
   0.94625000000000E+02   0.50000000000000E+00
   0.94875000000000E+02   0.50000000000000E+00
   0.95125000000000E+02   0.50000000000000E+00
   0.95375000000000E+02   0.50000000000000E+00
   0.95625000000000E+02   0.50000000000000E+00
   0.95875000000000E+02   0.50000000000000E+00
   0.96125000000000E+02   0.50000000000000E+00
   0.96375000000000E+02   0.50000000000000E+00
   0.96625000000000E+02   0.50000000000000E+00
   0.96875000000000E+02   0.50000000000000E+00
   0.97125000000000E+02   0.50000000000000E+00
   0.97375000000000E+02   0.50000000000000E+00
   0.97625000000000E+02   0.50000000000000E+00
   0.97875000000000E+02   0.50000000000000E+00
   0.98125000000000E+02   0.50000000000000E+00
   0.98375000000000E+02   0.50000000000000E+00
   0.98625000000000E+02   0.50000000000000E+00
   0.98875000000000E+02   0.50000000000000E+00
   0.99125000000000E+02   0.50000000000000E+00
   0.99375000000000E+02   0.50000000000000E+00
   0.99625000000000E+02   0.50000000000000E+00
   0.99875000000000E+02   0.50000000000000E+00
   0.10012500000000E+03   0.50000000000000E+00
   0.10037500000000E+03   0.50000000000000E+00
   0.10062500000000E+03   0.50000000000000E+00
   0.10087500000000E+03   0.50000000000000E+00
   0.10112500000000E+03   0.50000000000000E+00
   0.10137500000000E+03   0.50000000000000E+00
   0.10162500000000E+03   0.50000000000000E+00
   0.10187500000000E+03   0.50000000000000E+00
   0.10212500000000E+03   0.50000000000000E+00
   0.10237500000000E+03   0.50000000000000E+00
   0.10262500000000E+03   0.50000000000000E+00
   0.10287500000000E+03   0.50000000000000E+00
   0.10312500000000E+03   0.50000000000000E+00
   0.10337500000000E+03   0.50000000000000E+00
   0.10362500000000E+03   0.50000000000000E+00
   0.10387500000000E+03   0.50000000000000E+00
   0.10412500000000E+03   0.50000000000000E+00
   0.10437500000000E+03   0.50000000000000E+00
   0.10462500000000E+03   0.50000000000000E+00
   0.10487500000000E+03   0.50000000000000E+00
   0.10512500000000E+03   0.50000000000000E+00
   0.10537500000000E+03   0.50000000000000E+00
   0.10562500000000E+03   0.50000000000000E+00
   0.10587500000000E+03   0.50000000000000E+00
   0.10612500000000E+03   0.50000000000000E+00
   0.10637500000000E+03   0.50000000000000E+00
   0.10662500000000E+03   0.50000000000000E+00
   0.10687500000000E+03   0.50000000000000E+00
   0.10712500000000E+03   0.50000000000000E+00
   0.10737500000000E+03   0.50000000000000E+00
   0.10762500000000E+03   0.50000000000000E+00
   0.10787500000000E+03   0.50000000000000E+00
   0.10812500000000E+03   0.50000000000000E+00
   0.10837500000000E+03   0.50000000000000E+00
   0.10862500000000E+03   0.50000000000000E+00
   0.10887500000000E+03   0.50000000000000E+00
   0.10912500000000E+03   0.50000000000000E+00
   0.10937500000000E+03   0.50000000000000E+00
   0.10962500000000E+03   0.50000000000000E+00
   0.10987500000000E+03   0.50000000000000E+00
   0.11012500000000E+03   0.50000000000000E+00
   0.11037500000000E+03   0.50000000000000E+00
   0.11062500000000E+03   0.50000000000000E+00
   0.11087500000000E+03   0.50000000000000E+00
   0.11112500000000E+03   0.50000000000000E+00
   0.11137500000000E+03   0.50000000000000E+00
   0.11162500000000E+03   0.50000000000000E+00
   0.11187500000000E+03   0.50000000000000E+00
   0.11212500000000E+03   0.50000000000000E+00
   0.11237500000000E+03   0.50000000000000E+00
   0.11262500000000E+03   0.50000000000000E+00
   0.11287500000000E+03   0.50000000000000E+00
   0.11312500000000E+03   0.50000000000000E+00
   0.11337500000000E+03   0.50000000000000E+00
   0.11362500000000E+03   0.50000000000000E+00
   0.11387500000000E+03   0.50000000000000E+00
   0.11412500000000E+03   0.50000000000000E+00
   0.11437500000000E+03   0.50000000000000E+00
   0.11462500000000E+03   0.50000000000000E+00
   0.11487500000000E+03   0.50000000000000E+00
   0.11512500000000E+03   0.50000000000000E+00
   0.11537500000000E+03   0.50000000000000E+00
   0.11562500000000E+03   0.50000000000000E+00
   0.11587500000000E+03   0.50000000000000E+00
   0.11612500000000E+03   0.50000000000000E+00
   0.11637500000000E+03   0.50000000000000E+00
   0.11662500000000E+03   0.50000000000000E+00
   0.11687500000000E+03   0.50000000000000E+00
   0.11712500000000E+03   0.50000000000000E+00
   0.11737500000000E+03   0.50000000000000E+00
   0.11762500000000E+03   0.50000000000000E+00
   0.11787500000000E+03   0.50000000000000E+00
   0.11812500000000E+03   0.50000000000000E+00
   0.11837500000000E+03   0.50000000000000E+00
   0.11862500000000E+03   0.50000000000000E+00
   0.11887500000000E+03   0.50000000000000E+00
   0.11912500000000E+03   0.50000000000000E+00
   0.11937500000000E+03   0.50000000000000E+00
   0.11962500000000E+03   0.50000000000000E+00
   0.11987500000000E+03   0.50000000000000E+00
   0.12012500000000E+03   0.50000000000001E+00
   0.12037500000000E+03   0.49999999999999E+00
   0.12062500000000E+03   0.50000000000001E+00
   0.12087500000000E+03   0.49999999999998E+00
   0.12112500000000E+03   0.50000000000002E+00
   0.12137500000000E+03   0.49999999999997E+00
   0.12162500000000E+03   0.50000000000004E+00
   0.12187500000000E+03   0.49999999999995E+00
   0.12212500000000E+03   0.50000000000007E+00
   0.12237500000000E+03   0.49999999999991E+00
   0.12262500000000E+03   0.50000000000012E+00
   0.12287500000000E+03   0.49999999999985E+00
   0.12312500000000E+03   0.50000000000020E+00
   0.12337500000000E+03   0.49999999999974E+00
   0.12362500000000E+03   0.50000000000037E+00
   0.12387500000000E+03   0.49999999999947E+00
   0.12412500000000E+03   0.50000000000080E+00
   0.12437500000000E+03   0.49999999999881E+00
   0.12462500000000E+03   0.50000000000176E+00
   0.12487500000000E+03   0.49999999999747E+00
   0.12512500000000E+03   0.50000000000351E+00
   0.12537500000000E+03   0.49999999999535E+00
   0.12562500000000E+03   0.50000000000592E+00
   0.12587500000000E+03   0.49999999999273E+00
   0.12612500000000E+03   0.50000000000875E+00
   0.12637500000000E+03   0.49999999998953E+00
   0.12662500000000E+03   0.50000000001263E+00
   0.12687500000000E+03   0.49999999998447E+00
   0.12712500000000E+03   0.50000000001953E+00
   0.12737500000000E+03   0.49999999997495E+00
   0.12762500000000E+03   0.50000000003258E+00
   0.12787500000000E+03   0.49999999995731E+00
   0.12812500000000E+03   0.50000000005593E+00
   0.12837500000000E+03   0.49999999992717E+00
   0.12862500000000E+03   0.50000000009384E+00
   0.12887500000000E+03   0.49999999988044E+00
   0.12912500000000E+03   0.50000000015094E+00
   0.12937500000000E+03   0.49999999981035E+00
   0.12962500000000E+03   0.50000000023837E+00
   0.12987500000000E+03   0.49999999969906E+00
   0.13012500000000E+03   0.50000000038259E+00
   0.13037500000000E+03   0.49999999950981E+00
   0.13062500000000E+03   0.50000000063270E+00
   0.13087500000000E+03   0.49999999917826E+00
   0.13112500000000E+03   0.50000000107234E+00
   0.13137500000000E+03   0.49999999859628E+00
   0.13162500000000E+03   0.50000000184038E+00
   0.13187500000000E+03   0.49999999758680E+00
   0.13212500000000E+03   0.50000000316108E+00
   0.13237500000000E+03   0.49999999586673E+00
   0.13262500000000E+03   0.50000000539376E+00
   0.13287500000000E+03   0.49999999297129E+00
   0.13312500000000E+03   0.50000000915848E+00
   0.13337500000000E+03   0.49999998804311E+00
   0.13362500000000E+03   0.50000001568316E+00
   0.13387500000000E+03   0.49999997926381E+00
   0.13412500000000E+03   0.50000002774443E+00
   0.13437500000000E+03   0.49999996229163E+00
   0.13462500000000E+03   0.50000005221534E+00
   0.13487500000000E+03   0.49999992625031E+00
   0.13512500000000E+03   0.50000010612493E+00
   0.13537500000000E+03   0.49999984492952E+00
   0.13562500000000E+03   0.50000022901235E+00
   0.13587500000000E+03   0.49999965990525E+00
   0.13612500000000E+03   0.50000050549508E+00
   0.13637500000000E+03   0.49999925091450E+00
   0.13662500000000E+03   0.50000110348597E+00
   0.13687500000000E+03   0.49999838746521E+00
   0.13712500000000E+03   0.50000233418023E+00
   0.13737500000000E+03   0.49999665621695E+00
   0.13762500000000E+03   0.50000473784106E+00
   0.13787500000000E+03   0.49999336176088E+00
   0.13812500000000E+03   0.50000919733968E+00
   0.13837500000000E+03   0.49998739538265E+00
   0.13862500000000E+03   0.50001709616357E+00
   0.13887500000000E+03   0.49997703070701E+00
   0.13912500000000E+03   0.50003060570261E+00
   0.13937500000000E+03   0.49995949181581E+00
   0.13962500000000E+03   0.50005335778726E+00
   0.13987500000000E+03   0.49992989935857E+00
   0.14012500000000E+03   0.50009207655221E+00
   0.14037500000000E+03   0.49987879465982E+00
   0.14062500000000E+03   0.50016025226743E+00
   0.14087500000000E+03   0.49978679846795E+00
   0.14112500000000E+03   0.50028577753352E+00
   0.14137500000000E+03   0.49961383184618E+00
   0.14162500000000E+03   0.50052602313997E+00
   0.14187500000000E+03   0.49927817610821E+00
   0.14212500000000E+03   0.50099674812397E+00
   0.14237500000000E+03   0.49861681702430E+00
   0.14262500000000E+03   0.50192607168646E+00
   0.14287500000000E+03   0.49731268934808E+00
   0.14312500000000E+03   0.50375144662581E+00
   0.14337500000000E+03   0.49476703358399E+00
   0.14362500000000E+03   0.50728554780432E+00
   0.14387500000000E+03   0.48988619718165E+00
   0.14412500000000E+03   0.51398838774128E+00
   0.14437500000000E+03   0.48073397040748E+00
   0.14462500000000E+03   0.52641724246535E+00
   0.14487500000000E+03   0.46393344085508E+00
   0.14512500000000E+03   0.54905331387636E+00
   0.14537500000000E+03   0.43347426573640E+00
   0.14562500000000E+03   0.59008767512024E+00
   0.14587500000000E+03   0.37797395265871E+00
   0.14612500000000E+03   0.66565807779616E+00
   0.14637500000000E+03   0.27414888503073E+00
   0.14662500000000E+03   0.80978383312770E+00
   0.14687500000000E+03   0.71963583673285E-01
   0.14712500000000E+03   0.10961186745825E+01
   0.14737500000000E+03  -0.33656918958288E+00
   0.14762500000000E+03   0.16817857697697E+01
   0.14787500000000E+03  -0.11777781463027E+01
   0.14812500000000E+03   0.28890685799781E+01
   0.14837500000000E+03  -0.29050056836894E+01
   0.14862500000000E+03   0.53478023086722E+01
   0.14887500000000E+03  -0.63826610620661E+01
   0.14912500000000E+03   0.10230412557024E+02
   0.14937500000000E+03  -0.13183164081117E+02
   0.14962500000000E+03   0.19623543226324E+02
   0.14987500000000E+03  -0.26048227036076E+02
   0.15012500000000E+03   0.37096580154462E+02
   0.15037500000000E+03  -0.49585398198657E+02
   0.15062500000000E+03   0.68550987110357E+02
   0.15087500000000E+03  -0.91300143225888E+02
   0.15112500000000E+03   0.12347209540735E+03
   0.15137500000000E+03  -0.16311423185540E+03
   0.15162500000000E+03   0.21677561719523E+03
   0.15187500000000E+03  -0.28362413866306E+03
   0.15212500000000E+03   0.37159591736858E+03
   0.15237500000000E+03  -0.48158978642998E+03
   0.15262500000000E+03   0.62372566293860E+03
   0.15287500000000E+03  -0.80169408457283E+03
   0.15312500000000E+03   0.10292356482598E+04
   0.15337500000000E+03  -0.13148042090185E+04
   0.15362500000000E+03   0.16784871434546E+04
   0.15387500000000E+03  -0.21372805379867E+04
   0.15412500000000E+03   0.27228478844496E+04
   0.15437500000000E+03  -0.34679293573914E+04
   0.15462500000000E+03   0.44256175300415E+04
   0.15487500000000E+03  -0.56577783438484E+04
   0.15512500000000E+03   0.72569789625288E+04
   0.15537500000000E+03  -0.93383946224653E+04
   0.15562500000000E+03   0.12066314761802E+05
   0.15587500000000E+03  -0.15652066558922E+05
   0.15612500000000E+03   0.20388434781635E+05
   0.15637500000000E+03  -0.26657993790212E+05
   0.15662500000000E+03   0.34981192002277E+05
   0.15687500000000E+03  -0.46042547868423E+05
   0.15712500000000E+03   0.60761927841402E+05
   0.15737500000000E+03  -0.80350565948480E+05
   0.15762500000000E+03   0.10642021623124E+06
   0.15787500000000E+03  -0.14108653960952E+06
   0.15812500000000E+03   0.18713641298305E+06
   0.15837500000000E+03  -0.24820115878589E+06
   0.15862500000000E+03   0.32900551862113E+06
   0.15887500000000E+03  -0.43563326674783E+06
   0.15912500000000E+03   0.57587636093075E+06
   0.15937500000000E+03  -0.75960312269978E+06
   0.15962500000000E+03   0.99920382444141E+06
   0.15987500000000E+03  -0.13100370531760E+07
   0.16012500000000E+03   0.17109193645779E+07
   0.16037500000000E+03  -0.22245624327979E+07
   0.16062500000000E+03   0.28779790088376E+07
   0.16087500000000E+03  -0.37027409347300E+07
   0.16112500000000E+03   0.47350931723208E+07
   0.16137500000000E+03  -0.60157976498418E+07
   0.16162500000000E+03   0.75897141843697E+07
   0.16187500000000E+03  -0.95050129620953E+07
   0.16212500000000E+03   0.11812067324402E+08
   0.16237500000000E+03  -0.14561984684863E+08
   0.16262500000000E+03   0.17804906984718E+08
   0.16287500000000E+03  -0.21588133388656E+08
   0.16312500000000E+03   0.25954291453618E+08
   0.16337500000000E+03  -0.30939686571912E+08
   0.16362500000000E+03   0.36573091952025E+08
   0.16387500000000E+03  -0.42875073430430E+08
   0.16412500000000E+03   0.49857961475145E+08
   0.16437500000000E+03  -0.57526230742706E+08
   0.16462500000000E+03   0.65876751034483E+08
   0.16487500000000E+03  -0.74897440516258E+08
   0.16512500000000E+03   0.84561414847193E+08
   0.16537500000000E+03  -0.94810476109648E+08
   0.16562500000000E+03   0.10551558578334E+09
   0.16587500000000E+03  -0.11638893015780E+09
   0.16612500000000E+03   0.12679599851319E+09
   0.16637500000000E+03  -0.13536255752365E+09
   0.16662500000000E+03   0.13916384276658E+09
   0.16687500000000E+03  -0.13206761098917E+09
   0.16712500000000E+03   0.10137468806368E+09
   0.16737500000000E+03  -0.21056722629167E+08
   0.16762500000000E+03  -0.16175903541226E+09
   0.16787500000000E+03   0.55360941391326E+09
   0.16812500000000E+03  -0.13675319818600E+10
   0.16837500000000E+03   0.30263940361284E+10
   0.16862500000000E+03  -0.63634625020380E+10
   0.16887500000000E+03   0.13008789295915E+11
   0.16912500000000E+03  -0.26127865439792E+11
   0.16937500000000E+03   0.51822759794324E+11
   0.16962500000000E+03  -0.10176901676217E+12
   0.16987500000000E+03   0.19813864148519E+12
   0.17012500000000E+03  -0.38271676228519E+12
   0.17037500000000E+03   0.73364574672572E+12
   0.17062500000000E+03  -0.13959218572983E+13
   0.17087500000000E+03   0.26364694352595E+13
   0.17112500000000E+03  -0.49427437368206E+13
   0.17137500000000E+03   0.91977208598918E+13
   0.17162500000000E+03  -0.16987686520426E+14
   0.17187500000000E+03   0.31138698186149E+14
   0.17212500000000E+03  -0.56642985602765E+14
   0.17237500000000E+03   0.10224367919347E+15
   0.17262500000000E+03  -0.18311969546298E+15
   0.17287500000000E+03   0.32539001563315E+15
   0.17312500000000E+03  -0.57359472065315E+15
   0.17337500000000E+03   0.10029930754951E+16
   0.17362500000000E+03  -0.17395689775112E+16
   0.17387500000000E+03   0.29922255041220E+16
   0.17412500000000E+03  -0.51040261034711E+16
   0.17437500000000E+03   0.86328305685532E+16
   0.17462500000000E+03  -0.14476715938207E+17
   0.17487500000000E+03   0.24066723768615E+17
   0.17512500000000E+03  -0.39659419845722E+17
   0.17537500000000E+03   0.64775285304376E+17
   0.17562500000000E+03  -0.10484693576880E+18
   0.17587500000000E+03   0.16816440354896E+18
   0.17612500000000E+03  -0.26723381570610E+18
   0.17637500000000E+03   0.42070086318838E+18
   0.17662500000000E+03  -0.65603069903414E+18
   0.17687500000000E+03   0.10131791257757E+19
   0.17712500000000E+03  -0.15495318669563E+19
   0.17737500000000E+03   0.23464223081173E+19
   0.17762500000000E+03  -0.35175527883543E+19
   0.17787500000000E+03   0.52196257648433E+19
   0.17812500000000E+03  -0.76654203058789E+19
   0.17837500000000E+03   0.11139404312878E+20
   0.17862500000000E+03  -0.16015729915636E+20
   0.17887500000000E+03   0.22778096573189E+20
   0.17912500000000E+03  -0.32040468211915E+20
   0.17937500000000E+03   0.44566995512326E+20
   0.17962500000000E+03  -0.61288742435925E+20
   0.17987500000000E+03   0.83313998331286E+20
   0.18012500000000E+03  -0.11192816322829E+21
   0.18037500000000E+03   0.14857855710267E+21
   0.18062500000000E+03  -0.19483919811745E+21
   0.18087500000000E+03   0.25235082428821E+21
   0.18112500000000E+03  -0.32273240864394E+21
   0.18137500000000E+03   0.40746232123226E+21
   0.18162500000000E+03  -0.50773022621550E+21
   0.18187500000000E+03   0.62426474053033E+21
   0.18212500000000E+03  -0.75714660905344E+21
   0.18237500000000E+03   0.90562223455388E+21
   0.18262500000000E+03  -0.10679371739469E+22
   0.18287500000000E+03   0.12412128184465E+22
   0.18312500000000E+03  -0.14213909575446E+22
   0.18337500000000E+03   0.16032693776181E+22
   0.18362500000000E+03  -0.17806463986709E+22
   0.18387500000000E+03   0.19465830893332E+22
   0.18412500000000E+03  -0.20937792331673E+22
   0.18437500000000E+03   0.22150440957704E+22
   0.18462500000000E+03  -0.23038275230892E+22
   0.18487500000000E+03   0.23547632815727E+22
   0.18512500000000E+03  -0.23641674166201E+22
   0.18537500000000E+03   0.23304320664108E+22
   0.18562500000000E+03  -0.22542611383951E+22
   0.18587500000000E+03   0.21387088001839E+22
   0.18612500000000E+03  -0.19890035969586E+22
   0.18637500000000E+03   0.18121674137698E+22
   0.18662500000000E+03  -0.16164655171776E+22
   0.18687500000000E+03   0.14107470882629E+22
   0.18712500000000E+03  -0.12037508888175E+22
   0.18737500000000E+03   0.10034550845200E+22
   0.18762500000000E+03  -0.81654277333157E+21
   0.18787500000000E+03   0.64803662212645E+21
   0.18812500000000E+03  -0.50113041460762E+21
   0.18837500000000E+03   0.37721686380250E+21
   0.18862500000000E+03  -0.27608477132600E+21
   0.18887500000000E+03   0.19623890932848E+21
   0.18912500000000E+03  -0.13528570307115E+21
   0.18937500000000E+03   0.90327690739823E+20
   0.18962500000000E+03  -0.58318558315080E+20
   0.18987500000000E+03   0.36345429070310E+20
   0.19012500000000E+03  -0.21822382789473E+20
   0.19037500000000E+03   0.12595355508910E+20
   0.19062500000000E+03  -0.69709585964709E+19
   0.19087500000000E+03   0.36889855598877E+19
   0.19112500000000E+03  -0.18604184444275E+19
   0.19137500000000E+03   0.89063125230561E+18
   0.19162500000000E+03  -0.40281731033973E+18
   0.19187500000000E+03   0.17110692327511E+18
   0.19212500000000E+03  -0.67726165046690E+17
   0.19237500000000E+03   0.24678059948197E+17
   0.19262500000000E+03  -0.80605951918695E+16
   0.19287500000000E+03   0.21151862227154E+16
   0.19312500000000E+03  -0.44017474374221E+14
   0.19337500000000E+03  -0.88135012319410E+15
   0.19362500000000E+03   0.17269361480144E+16
   0.19387500000000E+03  -0.29950687662131E+16
   0.19412500000000E+03   0.51061286836629E+16
   0.19437500000000E+03  -0.86335218724219E+16
   0.19462500000000E+03   0.14476853729051E+17
   0.19487500000000E+03  -0.24066722312586E+17
   0.19512500000000E+03   0.39659394376110E+17
   0.19537500000000E+03  -0.64775256817827E+17
   0.19562500000000E+03   0.10484690642213E+18
   0.19587500000000E+03  -0.16816437356855E+18
   0.19612500000000E+03   0.26723378547171E+18
   0.19637500000000E+03  -0.42070083317138E+18
   0.19662500000000E+03   0.65603066971097E+18
   0.19687500000000E+03  -0.10131790976077E+19
   0.19712500000000E+03   0.15495318403851E+19
   0.19737500000000E+03  -0.23464222835622E+19
   0.19762500000000E+03   0.35175527662088E+19
   0.19787500000000E+03  -0.52196257454701E+19
   0.19812500000000E+03   0.76654202896035E+19
   0.19837500000000E+03  -0.11139404299980E+20
   0.19862500000000E+03   0.16015729906337E+20
   0.19887500000000E+03  -0.22778096567646E+20
   0.19912500000000E+03   0.32040468210207E+20
   0.19937500000000E+03  -0.44566995514449E+20
   0.19962500000000E+03   0.61288742441784E+20
   0.19987500000000E+03  -0.83313998340701E+20
   0.20012500000000E+03   0.11192816324100E+21
   0.20037500000000E+03  -0.14857855711834E+21
   0.20062500000000E+03   0.19483919813568E+21
   0.20087500000000E+03  -0.25235082430856E+21
   0.20112500000000E+03   0.32273240866595E+21
   0.20137500000000E+03  -0.40746232125547E+21
   0.20162500000000E+03   0.50773022623945E+21
   0.20187500000000E+03  -0.62426474055460E+21
   0.20212500000000E+03   0.75714660907763E+21
   0.20237500000000E+03  -0.90562223457765E+21
   0.20262500000000E+03   0.10679371739699E+22
   0.20287500000000E+03  -0.12412128184685E+22
   0.20312500000000E+03   0.14213909575654E+22
   0.20337500000000E+03  -0.16032693776376E+22
   0.20362500000000E+03   0.17806463986889E+22
   0.20387500000000E+03  -0.19465830893495E+22
   0.20412500000000E+03   0.20937792331820E+22
   0.20437500000000E+03  -0.22150440957833E+22
   0.20462500000000E+03   0.23038275231003E+22
   0.20487500000000E+03  -0.23547632815820E+22
   0.20512500000000E+03   0.23641674166277E+22
   0.20537500000000E+03  -0.23304320664168E+22
   0.20562500000000E+03   0.22542611383995E+22
   0.20587500000000E+03  -0.21387088001870E+22
   0.20612500000000E+03   0.19890035969606E+22
   0.20637500000000E+03  -0.18121674137710E+22
   0.20662500000000E+03   0.16164655171782E+22
   0.20687500000000E+03  -0.14107470882632E+22
   0.20712500000000E+03   0.12037508888177E+22
   0.20737500000000E+03  -0.10034550845205E+22
   0.20762500000000E+03   0.81654277333263E+21
   0.20787500000000E+03  -0.64803662212841E+21
   0.20812500000000E+03   0.50113041461100E+21
   0.20837500000000E+03  -0.37721686380819E+21
   0.20862500000000E+03   0.27608477133568E+21
   0.20887500000000E+03  -0.19623890934543E+21
   0.20912500000000E+03   0.13528570310178E+21
   0.20937500000000E+03  -0.90327690796645E+20
   0.20962500000000E+03   0.58318558422272E+20
   0.20987500000000E+03  -0.36345429274224E+20
   0.21012500000000E+03   0.21822383178247E+20
   0.21037500000000E+03  -0.12595356248825E+20
   0.21062500000000E+03   0.69709599987925E+19
   0.21087500000000E+03  -0.36889882027847E+19
   0.21112500000000E+03   0.18604233934932E+19
   0.21137500000000E+03  -0.89064045606845E+18
   0.21162500000000E+03   0.40283430356689E+18
   0.21187500000000E+03  -0.17113806674327E+18
   0.21212500000000E+03   0.67782811719197E+17
   0.21237500000000E+03  -0.24780305886883E+17
   0.21262500000000E+03   0.82437153598499E+16
   0.21287500000000E+03  -0.24405745700958E+16
   0.21312500000000E+03   0.61760806126706E+15
   0.21337500000000E+03  -0.12163608064103E+15
   0.21362500000000E+03   0.12623020808190E+14
   0.21387500000000E+03   0.28561172424464E+13
   0.21412500000000E+03  -0.21184911890304E+13
   0.21437500000000E+03   0.71017662189978E+12
   0.21462500000000E+03  -0.15943132525830E+12
   0.21487500000000E+03   0.22667920518198E+11
   0.21512500000000E+03  -0.77774100739620E+09
   0.21537500000000E+03  -0.53440015159245E+09
   0.21562500000000E+03   0.14879464880060E+09
   0.21587500000000E+03  -0.19246761376215E+08
   0.21612500000000E+03   0.10995257846808E+07
   0.21637500000000E+03   0.50000000000000E+00
   0.21662500000000E+03   0.50000000000000E+00
   0.21687500000000E+03   0.50000000000000E+00
   0.21712500000000E+03   0.50000000000000E+00
   0.21737500000000E+03   0.50000000000000E+00
   0.21762500000000E+03   0.50000000000000E+00
   0.21787500000000E+03   0.50000000000000E+00
   0.21812500000000E+03   0.50000000000000E+00
   0.21837500000000E+03   0.50000000000000E+00
   0.21862500000000E+03   0.50000000000000E+00
   0.21887500000000E+03   0.50000000000000E+00
   0.21912500000000E+03   0.50000000000000E+00
   0.21937500000000E+03   0.50000000000000E+00
   0.21962500000000E+03   0.50000000000000E+00
   0.21987500000000E+03   0.50000000000000E+00
   0.22012500000000E+03   0.50000000000000E+00
   0.22037500000000E+03   0.50000000000000E+00
   0.22062500000000E+03   0.50000000000000E+00
   0.22087500000000E+03   0.50000000000000E+00
   0.22112500000000E+03   0.50000000000000E+00
   0.22137500000000E+03   0.50000000000000E+00
   0.22162500000000E+03   0.50000000000000E+00
   0.22187500000000E+03   0.50000000000000E+00
   0.22212500000000E+03   0.50000000000000E+00
   0.22237500000000E+03   0.50000000000000E+00
   0.22262500000000E+03   0.50000000000000E+00
   0.22287500000000E+03   0.50000000000000E+00
   0.22312500000000E+03   0.50000000000000E+00
   0.22337500000000E+03   0.50000000000000E+00
   0.22362500000000E+03   0.50000000000000E+00
   0.22387500000000E+03   0.50000000000000E+00
   0.22412500000000E+03   0.50000000000000E+00
   0.22437500000000E+03   0.50000000000000E+00
   0.22462500000000E+03   0.50000000000000E+00
   0.22487500000000E+03   0.50000000000000E+00
   0.22512500000000E+03   0.50000000000000E+00
   0.22537500000000E+03   0.50000000000000E+00
   0.22562500000000E+03   0.50000000000000E+00
   0.22587500000000E+03   0.50000000000000E+00
   0.22612500000000E+03   0.50000000000000E+00
   0.22637500000000E+03   0.50000000000000E+00
   0.22662500000000E+03   0.50000000000000E+00
   0.22687500000000E+03   0.50000000000000E+00
   0.22712500000000E+03   0.50000000000000E+00
   0.22737500000000E+03   0.50000000000000E+00
   0.22762500000000E+03   0.50000000000000E+00
   0.22787500000000E+03   0.50000000000000E+00
   0.22812500000000E+03   0.50000000000000E+00
   0.22837500000000E+03   0.50000000000000E+00
   0.22862500000000E+03   0.50000000000000E+00
   0.22887500000000E+03   0.50000000000000E+00
   0.22912500000000E+03   0.50000000000000E+00
   0.22937500000000E+03   0.50000000000000E+00
   0.22962500000000E+03   0.50000000000000E+00
   0.22987500000000E+03   0.50000000000000E+00
   0.23012500000000E+03   0.50000000000000E+00
   0.23037500000000E+03   0.50000000000000E+00
   0.23062500000000E+03   0.50000000000000E+00
   0.23087500000000E+03   0.50000000000000E+00
   0.23112500000000E+03   0.50000000000000E+00
   0.23137500000000E+03   0.50000000000000E+00
   0.23162500000000E+03   0.50000000000000E+00
   0.23187500000000E+03   0.50000000000000E+00
   0.23212500000000E+03   0.50000000000000E+00
   0.23237500000000E+03   0.50000000000000E+00
   0.23262500000000E+03   0.50000000000000E+00
   0.23287500000000E+03   0.50000000000000E+00
   0.23312500000000E+03   0.50000000000000E+00
   0.23337500000000E+03   0.50000000000000E+00
   0.23362500000000E+03   0.50000000000000E+00
   0.23387500000000E+03   0.50000000000000E+00
   0.23412500000000E+03   0.50000000000000E+00
   0.23437500000000E+03   0.50000000000000E+00
   0.23462500000000E+03   0.50000000000000E+00
   0.23487500000000E+03   0.50000000000000E+00
   0.23512500000000E+03   0.50000000000000E+00
   0.23537500000000E+03   0.50000000000000E+00
   0.23562500000000E+03   0.50000000000000E+00
   0.23587500000000E+03   0.50000000000000E+00
   0.23612500000000E+03   0.50000000000000E+00
   0.23637500000000E+03   0.50000000000000E+00
   0.23662500000000E+03   0.50000000000000E+00
   0.23687500000000E+03   0.50000000000000E+00
   0.23712500000000E+03   0.50000000000000E+00
   0.23737500000000E+03   0.50000000000000E+00
   0.23762500000000E+03   0.50000000000000E+00
   0.23787500000000E+03   0.50000000000000E+00
   0.23812500000000E+03   0.50000000000000E+00
   0.23837500000000E+03   0.50000000000000E+00
   0.23862500000000E+03   0.50000000000000E+00
   0.23887500000000E+03   0.50000000000000E+00
   0.23912500000000E+03   0.50000000000000E+00
   0.23937500000000E+03   0.50000000000000E+00
   0.23962500000000E+03   0.50000000000000E+00
   0.23987500000000E+03   0.50000000000000E+00
