       -9.875000        0.500000
       -9.625000        0.500000
       -9.375000        0.500000
       -9.125000        0.500000
       -8.875000        0.500000
       -8.625000        0.500000
       -8.375000        0.500000
       -8.125000        0.500000
       -7.875000        0.500000
       -7.625000        0.500000
       -7.375000        0.500000
       -7.125000        0.500000
       -6.875000        0.500000
       -6.625000        0.500000
       -6.375000        0.500000
       -6.125000        0.500000
       -5.875000        0.500000
       -5.625000        0.500000
       -5.375000        0.500000
       -5.125000        0.500000
       -4.875000        0.500000
       -4.625000        0.500000
       -4.375000        0.500000
       -4.125000        0.500000
       -3.875000        0.500000
       -3.625000        0.500000
       -3.375000        0.500000
       -3.125000        0.500000
       -2.875000        0.500000
       -2.625000        0.500000
       -2.375000        0.500000
       -2.125000        0.500000
       -1.875000        0.500000
       -1.625000        0.500000
       -1.375000        0.500000
       -1.125000        0.500000
       -0.875000        0.500000
       -0.625000        0.500000
       -0.375000        0.500000
       -0.125000        0.500000
        0.125000        0.500000
        0.375000        0.500000
        0.625000        0.500000
        0.875000        0.500000
        1.125000        0.500000
        1.375000        0.500000
        1.625000        0.500000
        1.875000        0.500000
        2.125000        0.500000
        2.375000        0.500000
        2.625000        0.500000
        2.875000        0.500000
        3.125000        0.500000
        3.375000        0.500000
        3.625000        0.500000
        3.875000        0.500000
        4.125000        0.500000
        4.375000        0.500000
        4.625000        0.500000
        4.875000        0.500000
        5.125000        0.500000
        5.375000        0.500000
        5.625000        0.500000
        5.875000        0.500000
        6.125000        0.500000
        6.375000        0.500000
        6.625000        0.500000
        6.875000        0.500000
        7.125000        0.500000
        7.375000        0.500000
        7.625000        0.500000
        7.875000        0.500000
        8.125000        0.500000
        8.375000        0.500000
        8.625000        0.500000
        8.875000        0.500000
        9.125000        0.500000
        9.375000        0.500000
        9.625000        0.500000
        9.875000        0.500000
       10.125000        0.500000
       10.375000        0.500000
       10.625000        0.500000
       10.875000        0.500000
       11.125000        0.500000
       11.375000        0.500000
       11.625000        0.500000
       11.875000        0.500000
       12.125000        0.500000
       12.375000        0.500000
       12.625000        0.500000
       12.875000        0.500000
       13.125000        0.500000
       13.375000        0.500000
       13.625000        0.500000
       13.875000        0.500000
       14.125000        0.500000
       14.375000        0.500000
       14.625000        0.500000
       14.875000        0.500000
       15.125000        0.500000
       15.375000        0.500000
       15.625000        0.500000
       15.875000        0.500000
       16.125000        0.500000
       16.375000        0.500000
       16.625000        0.500000
       16.875000        0.500000
       17.125000        0.500000
       17.375000        0.500000
       17.625000        0.500000
       17.875000        0.500000
       18.125000        0.500000
       18.375000        0.500000
       18.625000        0.500000
       18.875000        0.500000
       19.125000        0.500000
       19.375000        0.500000
       19.625000        0.500000
       19.875000        0.500000
       20.125000        0.500000
       20.375000        0.500000
       20.625000        0.500000
       20.875000        0.500000
       21.125000        0.500000
       21.375000        0.500000
       21.625000        0.500000
       21.875000        0.500000
       22.125000        0.500000
       22.375000        0.500000
       22.625000        0.500000
       22.875000        0.500000
       23.125000        0.500000
       23.375000        0.500000
       23.625000        0.500000
       23.875000        0.500000
       24.125000        0.500000
       24.375000        0.500000
       24.625000        0.500000
       24.875000        0.500000
       25.125000        0.500000
       25.375000        0.500000
       25.625000        0.500000
       25.875000        0.500000
       26.125000        0.500000
       26.375000        0.500000
       26.625000        0.500000
       26.875000        0.500000
       27.125000        0.500000
       27.375000        0.500000
       27.625000        0.500000
       27.875000        0.500000
       28.125000        0.500000
       28.375000        0.500000
       28.625000        0.500000
       28.875000        0.500000
       29.125000        0.500000
       29.375000        0.500000
       29.625000        0.500000
       29.875000        0.500000
       30.125000        0.500000
       30.375000        0.500000
       30.625000        0.500000
       30.875000        0.500000
       31.125000        0.500000
       31.375000        0.500000
       31.625000        0.500000
       31.875000        0.500000
       32.125000        0.500000
       32.375000        0.500000
       32.625000        0.500000
       32.875000        0.500000
       33.125000        0.500000
       33.375000        0.500000
       33.625000        0.500000
       33.875000        0.500000
       34.125000        0.500000
       34.375000        0.500000
       34.625000        0.500000
       34.875000        0.500000
       35.125000        0.500000
       35.375000        0.500000
       35.625000        0.500000
       35.875000        0.500000
       36.125000        0.500000
       36.375000        0.500000
       36.625000        0.500000
       36.875000        0.500000
       37.125000        0.500000
       37.375000        0.500000
       37.625000        0.500000
       37.875000        0.500000
       38.125000        0.500000
       38.375000        0.500000
       38.625000        0.500000
       38.875000        0.500000
       39.125000        0.500000
       39.375000        0.500000
       39.625000        0.500000
       39.875000        0.500000
       40.125000        0.500000
       40.375000        0.500000
       40.625000        0.500000
       40.875000        0.500000
       41.125000        0.500000
       41.375000        0.500000
       41.625000        0.500000
       41.875000        0.500000
       42.125000        0.500000
       42.375000        0.500000
       42.625000        0.500000
       42.875000        0.500000
       43.125000        0.500000
       43.375000        0.500000
       43.625000        0.500000
       43.875000        0.500000
       44.125000        0.500000
       44.375000        0.500000
       44.625000        0.500000
       44.875000        0.500000
       45.125000        0.500000
       45.375000        0.500000
       45.625000        0.500000
       45.875000        0.500000
       46.125000        0.500000
       46.375000        0.500000
       46.625000        0.500000
       46.875000        0.500000
       47.125000        0.500000
       47.375000        0.500000
       47.625000        0.500000
       47.875000        0.500000
       48.125000        0.500000
       48.375000        0.500000
       48.625000        0.500000
       48.875000        0.500000
       49.125000        0.500000
       49.375000        0.500000
       49.625000        0.500000
       49.875000        0.500000
       50.125000        0.500000
       50.375000        0.500000
       50.625000        0.500000
       50.875000        0.500000
       51.125000        0.500000
       51.375000        0.500000
       51.625000        0.500000
       51.875000        0.500000
       52.125000        0.500000
       52.375000        0.500000
       52.625000        0.500000
       52.875000        0.500000
       53.125000        0.500000
       53.375000        0.500000
       53.625000        0.500000
       53.875000        0.500000
       54.125000        0.500000
       54.375000        0.500000
       54.625000        0.500000
       54.875000        0.500000
       55.125000        0.500000
       55.375000        0.500000
       55.625000        0.500000
       55.875000        0.500000
       56.125000        0.500000
       56.375000        0.500000
       56.625000        0.500000
       56.875000        0.500000
       57.125000        0.500000
       57.375000        0.500000
       57.625000        0.500000
       57.875000        0.500000
       58.125000        0.500000
       58.375000        0.500000
       58.625000        0.500000
       58.875000        0.500000
       59.125000        0.500000
       59.375000        0.500000
       59.625000        0.500000
       59.875000        0.500000
       60.125000        0.500000
       60.375000        0.500000
       60.625000        0.500000
       60.875000        0.500000
       61.125000        0.500000
       61.375000        0.500000
       61.625000        0.500000
       61.875000        0.500000
       62.125000        0.500000
       62.375000        0.500000
       62.625000        0.500000
       62.875000        0.500000
       63.125000        0.500000
       63.375000        0.500000
       63.625000        0.500000
       63.875000        0.500000
       64.125000        0.500000
       64.375000        0.500000
       64.625000        0.500000
       64.875000        0.500000
       65.125000        0.500000
       65.375000        0.500000
       65.625000        0.500000
       65.875000        0.500000
       66.125000        0.500000
       66.375000        0.500000
       66.625000        0.500000
       66.875000        0.500000
       67.125000        0.500000
       67.375000        0.500000
       67.625000        0.500000
       67.875000        0.500000
       68.125000        0.500000
       68.375000        0.500000
       68.625000        0.500000
       68.875000        0.500000
       69.125000        0.500000
       69.375000        0.500000
       69.625000        0.500000
       69.875000        0.500000
       70.125000        0.500000
       70.375000        0.500000
       70.625000        0.500000
       70.875000        0.500000
       71.125000        0.500000
       71.375000        0.500000
       71.625000        0.500000
       71.875000        0.500000
       72.125000        0.500000
       72.375000        0.500000
       72.625000        0.500000
       72.875000        0.500000
       73.125000        0.500000
       73.375000        0.500000
       73.625000        0.500000
       73.875000        0.500000
       74.125000        0.500000
       74.375000        0.500000
       74.625000        0.500000
       74.875000        0.500000
       75.125000        0.500000
       75.375000        0.500000
       75.625000        0.500000
       75.875000        0.500000
       76.125000        0.500000
       76.375000        0.500000
       76.625000        0.500000
       76.875000        0.500000
       77.125000        0.500000
       77.375000        0.500000
       77.625000        0.500000
       77.875000        0.500000
       78.125000        0.500000
       78.375000        0.500000
       78.625000        0.500000
       78.875000        0.500000
       79.125000        0.500000
       79.375000        0.500000
       79.625000        0.500000
       79.875000        0.500000
       80.125000        0.500000
       80.375000        0.500000
       80.625000        0.500000
       80.875000        0.500000
       81.125000        0.500000
       81.375000        0.500000
       81.625000        0.500000
       81.875000        0.500000
       82.125000        0.500000
       82.375000        0.500000
       82.625000        0.500000
       82.875000        0.500000
       83.125000        0.500000
       83.375000        0.500000
       83.625000        0.500000
       83.875000        0.500000
       84.125000        0.500000
       84.375000        0.500000
       84.625000        0.500000
       84.875000        0.500000
       85.125000        0.500000
       85.375000        0.500000
       85.625000        0.500000
       85.875000        0.500000
       86.125000        0.500000
       86.375000        0.500000
       86.625000        0.500000
       86.875000        0.500000
       87.125000        0.500000
       87.375000        0.500000
       87.625000        0.500000
       87.875000        0.500000
       88.125000        0.500000
       88.375000        0.500000
       88.625000        0.500000
       88.875000        0.500000
       89.125000        0.500000
       89.375000        0.500000
       89.625000        0.500000
       89.875000        0.500000
       90.125000        0.500000
       90.375000        0.500000
       90.625000        0.500000
       90.875000        0.500000
       91.125000        0.500000
       91.375000        0.500000
       91.625000        0.500000
       91.875000        0.500000
       92.125000        0.500000
       92.375000        0.500000
       92.625000        0.500000
       92.875000        0.500000
       93.125000        0.500000
       93.375000        0.500000
       93.625000        0.500000
       93.875000        0.500000
       94.125000        0.500000
       94.375000        0.500000
       94.625000        0.500000
       94.875000        0.500000
       95.125000        0.500000
       95.375000        0.500000
       95.625000        0.500000
       95.875000        0.500000
       96.125000        0.500000
       96.375000        0.500000
       96.625000        0.500000
       96.875000        0.500000
       97.125000        0.500000
       97.375000        0.500000
       97.625000        0.500000
       97.875000        0.500000
       98.125000        0.500000
       98.375000        0.500000
       98.625000        0.500000
       98.875000        0.500000
       99.125000        0.500000
       99.375000        0.500000
       99.625000        0.500000
       99.875000        0.500000
      100.125000        0.500000
      100.375000        0.500000
      100.625000        0.500000
      100.875000        0.500000
      101.125000        0.500000
      101.375000        0.500000
      101.625000        0.500000
      101.875000        0.500000
      102.125000        0.500000
      102.375000        0.500000
      102.625000        0.500000
      102.875000        0.500000
      103.125000        0.500000
      103.375000        0.500000
      103.625000        0.500000
      103.875000        0.500000
      104.125000        0.500000
      104.375000        0.500000
      104.625000        0.500000
      104.875000        0.500000
      105.125000        0.500000
      105.375000        0.500000
      105.625000        0.500000
      105.875000        0.500000
      106.125000        0.500000
      106.375000        0.500000
      106.625000        0.500000
      106.875000        0.500000
      107.125000        0.500000
      107.375000        0.500000
      107.625000        0.500000
      107.875000        0.500000
      108.125000        0.500000
      108.375000        0.500000
      108.625000        0.500000
      108.875000        0.500000
      109.125000        0.500000
      109.375000        0.500000
      109.625000        0.500000
      109.875000        0.500000
      110.125000        0.500000
      110.375000        0.500000
      110.625000        0.500000
      110.875000        0.500000
      111.125000        0.500000
      111.375000        0.500000
      111.625000        0.500000
      111.875000        0.500000
      112.125000        0.500000
      112.375000        0.500000
      112.625000        0.500000
      112.875000        0.500000
      113.125000        0.500000
      113.375000        0.500000
      113.625000        0.500000
      113.875000        0.500000
      114.125000        0.500000
      114.375000        0.500000
      114.625000        0.500000
      114.875000        0.500000
      115.125000        0.500000
      115.375000        0.500000
      115.625000        0.500000
      115.875000        0.500000
      116.125000        0.500000
      116.375000        0.500000
      116.625000        0.500000
      116.875000        0.500000
      117.125000        0.500000
      117.375000        0.500000
      117.625000        0.500000
      117.875000        0.500000
      118.125000        0.500000
      118.375000        0.500000
      118.625000        0.500000
      118.875000        0.500000
      119.125000        0.500000
      119.375000        0.500000
      119.625000        0.500000
      119.875000        0.500000
      120.125000        0.500000
      120.375000        0.500000
      120.625000        0.500000
      120.875000        0.500000
      121.125000        0.500000
      121.375000        0.500000
      121.625000        0.500000
      121.875000        0.500000
      122.125000        0.500000
      122.375000        0.500000
      122.625000        0.500000
      122.875000        0.500000
      123.125000        0.500000
      123.375000        0.500000
      123.625000        0.500000
      123.875000        0.500000
      124.125000        0.500000
      124.375000        0.500000
      124.625000        0.500000
      124.875000        0.500000
      125.125000        0.500000
      125.375000        0.500000
      125.625000        0.500000
      125.875000        0.500000
      126.125000        0.500000
      126.375000        0.500000
      126.625000        0.500000
      126.875000        0.500000
      127.125000        0.500000
      127.375000        0.500000
      127.625000        0.500000
      127.875000        0.500000
      128.125000        0.500000
      128.375000        0.500000
      128.625000        0.500000
      128.875000        0.500000
      129.125000        0.500000
      129.375000        0.500000
      129.625000        0.500000
      129.875000        0.500000
      130.125000        0.500000
      130.375000        0.500000
      130.625000        0.500000
      130.875000        0.500000
      131.125000        0.500000
      131.375000        0.500000
      131.625000        0.500000
      131.875000        0.500000
      132.125000        0.500000
      132.375000        0.500000
      132.625000        0.500000
      132.875000        0.500000
      133.125000        0.500000
      133.375000        0.500000
      133.625000        0.500000
      133.875000        0.500000
      134.125000        0.500000
      134.375000        0.500000
      134.625000        0.500000
      134.875000        0.500000
      135.125000        0.500000
      135.375000        0.500000
      135.625000        0.500000
      135.875000        0.500000
      136.125000        0.500000
      136.375000        0.500000
      136.625000        0.500000
      136.875000        0.500000
      137.125000        0.500000
      137.375000        0.500000
      137.625000        0.500000
      137.875000        0.500000
      138.125000        0.500000
      138.375000        0.500000
      138.625000        0.500000
      138.875000        0.500000
      139.125000        0.500000
      139.375000        0.500000
      139.625000        0.500000
      139.875000        0.500000
      140.125000        0.500000
      140.375000        0.500000
      140.625000        0.500000
      140.875000        0.500000
      141.125000        0.500000
      141.375000        0.500000
      141.625000        0.500000
      141.875000        0.500000
      142.125000        0.500000
      142.375000        0.500000
      142.625000        0.500000
      142.875000        0.500000
      143.125000        0.500000
      143.375000        0.500000
      143.625000        0.500000
      143.875000        0.500000
      144.125000        0.500000
      144.375000        0.500000
      144.625000        0.500000
      144.875000        0.500000
      145.125000        0.500000
      145.375000        0.500000
      145.625000        0.500000
      145.875000        0.500000
      146.125000        0.500000
      146.375000        0.500000
      146.625000        0.500000
      146.875000        0.500000
      147.125000        0.500000
      147.375000        0.500000
      147.625000        0.500000
      147.875000        0.500000
      148.125000        0.500000
      148.375000        0.500000
      148.625000        0.500000
      148.875000        0.500000
      149.125000        0.500000
      149.375000        0.500000
      149.625000        0.500000
      149.875000        0.500000
      150.125000        0.500000
      150.375000        0.500000
      150.625000        0.500000
      150.875000        0.500000
      151.125000        0.500000
      151.375000        0.500000
      151.625000        0.500000
      151.875000        0.500000
      152.125000        0.500000
      152.375000        0.500000
      152.625000        0.500000
      152.875000        0.500000
      153.125000        0.500000
      153.375000        0.500000
      153.625000        0.500000
      153.875000        0.500000
      154.125000        0.500000
      154.375000        0.500000
      154.625000        0.500000
      154.875000        0.500000
      155.125000        0.500000
      155.375000        0.500000
      155.625000        0.500000
      155.875000        0.500000
      156.125000        0.500000
      156.375000        0.500000
      156.625000        0.500000
      156.875000        0.500000
      157.125000        0.500000
      157.375000        0.500000
      157.625000        0.500000
      157.875000        0.500000
      158.125000        0.500000
      158.375000        0.500000
      158.625000        0.500000
      158.875000        0.500000
      159.125000        0.500000
      159.375000        0.500000
      159.625000        0.500000
      159.875000        0.500000
      160.125000        0.500000
      160.375000        0.500000
      160.625000        0.500000
      160.875000        0.500000
      161.125000        0.500000
      161.375000        0.500000
      161.625000        0.500000
      161.875000        0.500000
      162.125000        0.500000
      162.375000        0.500000
      162.625000        0.500000
      162.875000        0.500000
      163.125000        0.500000
      163.375000        0.500000
      163.625000        0.500000
      163.875000        0.500000
      164.125000        0.500000
      164.375000        0.500000
      164.625000        0.500000
      164.875000        0.500000
      165.125000        0.500000
      165.375000        0.500000
      165.625000        0.500000
      165.875000        0.500000
      166.125000        0.500000
      166.375000        0.500000
      166.625000        0.500000
      166.875000        0.500000
      167.125000        0.500000
      167.375000        0.500000
      167.625000        0.500000
      167.875000        0.500000
      168.125000        0.500000
      168.375000        0.500000
      168.625000        0.500000
      168.875000        0.500000
      169.125000        0.500000
      169.375000        0.500000
      169.625000        0.500000
      169.875000        0.500000
      170.125000        0.500000
      170.375000        0.500000
      170.625000        0.500000
      170.875000        0.500000
      171.125000        0.500000
      171.375000        0.500000
      171.625000        0.500000
      171.875000        0.500000
      172.125000        0.500000
      172.375000        0.500000
      172.625000        0.500000
      172.875000        0.500000
      173.125000        0.500000
      173.375000        0.500000
      173.625000        0.500000
      173.875000        0.500000
      174.125000        0.500000
      174.375000        0.500000
      174.625000        0.500000
      174.875000        0.500000
      175.125000        0.500000
      175.375000        0.500000
      175.625000        0.500000
      175.875000        0.500000
      176.125000        0.500000
      176.375000        0.500000
      176.625000        0.500000
      176.875000        0.500000
      177.125000        0.500000
      177.375000        0.500000
      177.625000        0.500000
      177.875000        0.500000
      178.125000        0.500000
      178.375000        0.500000
      178.625000        0.500000
      178.875000        0.500000
      179.125000        0.500000
      179.375000        0.500000
      179.625000        0.500000
      179.875000        0.500000
      180.125000        0.500000
      180.375000        0.500001
      180.625000        0.500001
      180.875000        0.500001
      181.125000        0.500001
      181.375000        0.499999
      181.625000        0.499998
      181.875000        0.499997
      182.125000        0.499997
      182.375000        0.499999
      182.625000        0.500002
      182.875000        0.500005
      183.125000        0.500007
      183.375000        0.500007
      183.625000        0.500002
      183.875000        0.499996
      184.125000        0.499988
      184.375000        0.499983
      184.625000        0.499984
      184.875000        0.499992
      185.125000        0.500008
      185.375000        0.500026
      185.625000        0.500040
      185.875000        0.500042
      186.125000        0.500027
      186.375000        0.499996
      186.625000        0.499955
      186.875000        0.499918
      187.125000        0.499899
      187.375000        0.499913
      187.625000        0.499964
      187.875000        0.500045
      188.125000        0.500138
      188.375000        0.500211
      188.625000        0.500235
      188.875000        0.500187
      189.125000        0.500062
      189.375000        0.499878
      189.625000        0.499677
      189.875000        0.499518
      190.125000        0.499458
      190.375000        0.499542
      190.625000        0.499782
      190.875000        0.500150
      191.125000        0.500577
      191.375000        0.500965
      191.625000        0.501203
      191.875000        0.501198
      192.125000        0.500896
      192.375000        0.500302
      192.625000        0.499490
      192.875000        0.498596
      193.125000        0.497794
      193.375000        0.497271
      193.625000        0.497188
      193.875000        0.497644
      194.125000        0.498657
      194.375000        0.500145
      194.625000        0.501936
      194.875000        0.503784
      195.125000        0.505403
      195.375000        0.506508
      195.625000        0.506851
      195.875000        0.506265
      196.125000        0.504681
      196.375000        0.502143
      196.625000        0.498812
      196.875000        0.494944
      197.125000        0.490869
      197.375000        0.486965
      197.625000        0.483619
      197.875000        0.481203
      198.125000        0.480044
      198.375000        0.480403
      198.625000        0.482466
      198.875000        0.486337
      199.125000        0.492044
      199.375000        0.499545
      199.625000        0.508749
      199.875000        0.519529
      200.125000        0.531734
      200.375000        0.545204
      200.625000        0.559775
      200.875000        0.575275
      201.125000        0.591536
      201.375000        0.608390
      201.625000        0.625686
      201.875000        0.643301
      202.125000        0.661154
      202.375000        0.679212
      202.625000        0.697476
      202.875000        0.715964
      203.125000        0.734674
      203.375000        0.753556
      203.625000        0.772507
      203.875000        0.791381
      204.125000        0.810042
      204.375000        0.828419
      204.625000        0.846557
      204.875000        0.864633
      205.125000        0.882913
      205.375000        0.901670
      205.625000        0.921059
      205.875000        0.941023
      206.125000        0.961249
      206.375000        0.981220
      206.625000        1.000368
      206.875000        1.018277
      207.125000        1.034889
      207.375000        1.050620
      207.625000        1.066325
      207.875000        1.083098
      208.125000        1.101948
      208.375000        1.123415
      208.625000        1.147290
      208.875000        1.172507
      209.125000        1.197310
      209.375000        1.219665
      209.625000        1.237841
      209.875000        1.250994
      210.125000        1.259592
      210.375000        1.265517
      210.625000        1.271781
      210.875000        1.281890
      211.125000        1.298981
      211.375000        1.324942
      211.625000        1.359747
      211.875000        1.401192
      212.125000        1.445130
      212.375000        1.486196
      212.625000        1.518868
      212.875000        1.538666
      213.125000        1.543200
      213.375000        1.532871
      213.625000        1.511032
      213.875000        1.483585
      214.125000        1.458085
      214.375000        1.442504
      214.625000        1.443902
      214.875000        1.467233
      215.125000        1.514491
      215.375000        1.584331
      215.625000        1.672202
      215.875000        1.770940
      216.125000        1.871701
      216.375000        1.965074
      216.625000        2.042192
      216.875000        2.095687
      217.125000        2.120383
      217.375000        2.113662
      217.625000        2.075495
      217.875000        2.008193
      218.125000        1.915937
      218.375000        1.804184
      218.625000        1.679040
      218.875000        1.546671
      219.125000        1.412816
      219.375000        1.282424
      219.625000        1.159438
      219.875000        1.046710
      220.125000        0.946023
      220.375000        0.858206
      220.625000        0.783290
      220.875000        0.720693
      221.125000        0.669407
      221.375000        0.628169
      221.625000        0.595598
      221.875000        0.570313
      222.125000        0.551008
      222.375000        0.536505
      222.625000        0.525778
      222.875000        0.517965
      223.125000        0.512358
      223.375000        0.508392
      223.625000        0.505627
      223.875000        0.503726
      224.125000        0.502436
      224.375000        0.501574
      224.625000        0.501004
      224.875000        0.500633
      225.125000        0.500394
      225.375000        0.500243
      225.625000        0.500148
      225.875000        0.500089
      226.125000        0.500053
      226.375000        0.500031
      226.625000        0.500018
      226.875000        0.500010
      227.125000        0.500006
      227.375000        0.500003
      227.625000        0.500002
      227.875000        0.500001
      228.125000        0.500001
      228.375000        0.500000
      228.625000        0.500000
      228.875000        0.500000
      229.125000        0.500000
      229.375000        0.500000
      229.625000        0.500000
      229.875000        0.500000
      230.125000        0.500000
      230.375000        0.500000
      230.625000        0.500000
      230.875000        0.500000
      231.125000        0.500000
      231.375000        0.500000
      231.625000        0.500000
      231.875000        0.500000
      232.125000        0.500000
      232.375000        0.500000
      232.625000        0.500000
      232.875000        0.500000
      233.125000        0.500000
      233.375000        0.500000
      233.625000        0.500000
      233.875000        0.500000
      234.125000        0.500000
      234.375000        0.500000
      234.625000        0.500000
      234.875000        0.500000
      235.125000        0.500000
      235.375000        0.500000
      235.625000        0.500000
      235.875000        0.500000
      236.125000        0.500000
      236.375000        0.500000
      236.625000        0.500000
      236.875000        0.500000
      237.125000        0.500000
      237.375000        0.500000
      237.625000        0.500000
      237.875000        0.500000
      238.125000        0.500000
      238.375000        0.500000
      238.625000        0.500000
      238.875000        0.500000
      239.125000        0.500000
      239.375000        0.500000
      239.625000        0.500000
      239.875000        0.500000
