       -9.937500        0.500000
       -9.812500        0.500000
       -9.687500        0.500000
       -9.562500        0.500000
       -9.437500        0.500000
       -9.312500        0.500000
       -9.187500        0.500000
       -9.062500        0.500000
       -8.937500        0.500000
       -8.812500        0.500000
       -8.687500        0.500000
       -8.562500        0.500000
       -8.437500        0.500000
       -8.312500        0.500000
       -8.187500        0.500000
       -8.062500        0.500000
       -7.937500        0.500000
       -7.812500        0.500000
       -7.687500        0.500000
       -7.562500        0.500000
       -7.437500        0.500000
       -7.312500        0.500000
       -7.187500        0.500000
       -7.062500        0.500000
       -6.937500        0.500000
       -6.812500        0.500000
       -6.687500        0.500000
       -6.562500        0.500000
       -6.437500        0.500000
       -6.312500        0.500000
       -6.187500        0.500000
       -6.062500        0.500000
       -5.937500        0.500000
       -5.812500        0.500000
       -5.687500        0.500000
       -5.562500        0.500000
       -5.437500        0.500000
       -5.312500        0.500000
       -5.187500        0.500000
       -5.062500        0.500000
       -4.937500        0.500000
       -4.812500        0.500000
       -4.687500        0.500000
       -4.562500        0.500000
       -4.437500        0.500000
       -4.312500        0.500000
       -4.187500        0.500000
       -4.062500        0.500000
       -3.937500        0.500000
       -3.812500        0.500000
       -3.687500        0.500000
       -3.562500        0.500000
       -3.437500        0.500000
       -3.312500        0.500000
       -3.187500        0.500000
       -3.062500        0.500000
       -2.937500        0.500000
       -2.812500        0.500000
       -2.687500        0.500000
       -2.562500        0.500000
       -2.437500        0.500000
       -2.312500        0.500000
       -2.187500        0.500000
       -2.062500        0.500000
       -1.937500        0.500000
       -1.812500        0.500000
       -1.687500        0.500000
       -1.562500        0.500000
       -1.437500        0.500000
       -1.312500        0.500000
       -1.187500        0.500000
       -1.062500        0.500000
       -0.937500        0.500000
       -0.812500        0.500000
       -0.687500        0.500000
       -0.562500        0.500000
       -0.437500        0.500000
       -0.312500        0.500000
       -0.187500        0.500000
       -0.062500        0.500000
        0.062500        0.500000
        0.187500        0.500000
        0.312500        0.500000
        0.437500        0.500000
        0.562500        0.500000
        0.687500        0.500000
        0.812500        0.500000
        0.937500        0.500000
        1.062500        0.500000
        1.187500        0.500000
        1.312500        0.500000
        1.437500        0.500000
        1.562500        0.500000
        1.687500        0.500000
        1.812500        0.500000
        1.937500        0.500000
        2.062500        0.500000
        2.187500        0.500000
        2.312500        0.500000
        2.437500        0.500000
        2.562500        0.500000
        2.687500        0.500000
        2.812500        0.500000
        2.937500        0.500000
        3.062500        0.500000
        3.187500        0.500000
        3.312500        0.500000
        3.437500        0.500000
        3.562500        0.500000
        3.687500        0.500000
        3.812500        0.500000
        3.937500        0.500000
        4.062500        0.500000
        4.187500        0.500000
        4.312500        0.500000
        4.437500        0.500000
        4.562500        0.500000
        4.687500        0.500000
        4.812500        0.500000
        4.937500        0.500000
        5.062500        0.500000
        5.187500        0.500000
        5.312500        0.500000
        5.437500        0.500000
        5.562500        0.500000
        5.687500        0.500000
        5.812500        0.500000
        5.937500        0.500000
        6.062500        0.500000
        6.187500        0.500000
        6.312500        0.500000
        6.437500        0.500000
        6.562500        0.500000
        6.687500        0.500000
        6.812500        0.500000
        6.937500        0.500000
        7.062500        0.500000
        7.187500        0.500000
        7.312500        0.500000
        7.437500        0.500000
        7.562500        0.500000
        7.687500        0.500000
        7.812500        0.500000
        7.937500        0.500000
        8.062500        0.500000
        8.187500        0.500000
        8.312500        0.500000
        8.437500        0.500000
        8.562500        0.500000
        8.687500        0.500000
        8.812500        0.500000
        8.937500        0.500000
        9.062500        0.500000
        9.187500        0.500000
        9.312500        0.500000
        9.437500        0.500000
        9.562500        0.500000
        9.687500        0.500000
        9.812500        0.500000
        9.937500        0.500000
       10.062500        0.500000
       10.187500        0.500000
       10.312500        0.500000
       10.437500        0.500000
       10.562500        0.500000
       10.687500        0.500000
       10.812500        0.500000
       10.937500        0.500000
       11.062500        0.500000
       11.187500        0.500000
       11.312500        0.500000
       11.437500        0.500000
       11.562500        0.500000
       11.687500        0.500000
       11.812500        0.500000
       11.937500        0.500000
       12.062500        0.500000
       12.187500        0.500000
       12.312500        0.500000
       12.437500        0.500000
       12.562500        0.500000
       12.687500        0.500000
       12.812500        0.500000
       12.937500        0.500000
       13.062500        0.500000
       13.187500        0.500000
       13.312500        0.500000
       13.437500        0.500000
       13.562500        0.500000
       13.687500        0.500000
       13.812500        0.500000
       13.937500        0.500000
       14.062500        0.500000
       14.187500        0.500000
       14.312500        0.500000
       14.437500        0.500000
       14.562500        0.500000
       14.687500        0.500000
       14.812500        0.500000
       14.937500        0.500000
       15.062500        0.500000
       15.187500        0.500000
       15.312500        0.500000
       15.437500        0.500000
       15.562500        0.500000
       15.687500        0.500000
       15.812500        0.500000
       15.937500        0.500000
       16.062500        0.500000
       16.187500        0.500000
       16.312500        0.500000
       16.437500        0.500000
       16.562500        0.500000
       16.687500        0.500000
       16.812500        0.500000
       16.937500        0.500000
       17.062500        0.500000
       17.187500        0.500000
       17.312500        0.500000
       17.437500        0.500000
       17.562500        0.500000
       17.687500        0.500000
       17.812500        0.500000
       17.937500        0.500000
       18.062500        0.500000
       18.187500        0.500000
       18.312500        0.500000
       18.437500        0.500000
       18.562500        0.500000
       18.687500        0.500000
       18.812500        0.500000
       18.937500        0.500000
       19.062500        0.500000
       19.187500        0.500000
       19.312500        0.500000
       19.437500        0.500000
       19.562500        0.500000
       19.687500        0.500000
       19.812500        0.500000
       19.937500        0.500000
       20.062500        0.500000
       20.187500        0.500000
       20.312500        0.500000
       20.437500        0.500000
       20.562500        0.500000
       20.687500        0.500000
       20.812500        0.500000
       20.937500        0.500000
       21.062500        0.500000
       21.187500        0.500000
       21.312500        0.500000
       21.437500        0.500000
       21.562500        0.500000
       21.687500        0.500000
       21.812500        0.500000
       21.937500        0.500000
       22.062500        0.500000
       22.187500        0.500000
       22.312500        0.500000
       22.437500        0.500000
       22.562500        0.500000
       22.687500        0.500000
       22.812500        0.500000
       22.937500        0.500000
       23.062500        0.500000
       23.187500        0.500000
       23.312500        0.500000
       23.437500        0.500000
       23.562500        0.500000
       23.687500        0.500000
       23.812500        0.500000
       23.937500        0.500000
       24.062500        0.500000
       24.187500        0.500000
       24.312500        0.500000
       24.437500        0.500000
       24.562500        0.500000
       24.687500        0.500000
       24.812500        0.500000
       24.937500        0.500000
       25.062500        0.500000
       25.187500        0.500000
       25.312500        0.500000
       25.437500        0.500000
       25.562500        0.500000
       25.687500        0.500000
       25.812500        0.500000
       25.937500        0.500000
       26.062500        0.500000
       26.187500        0.500000
       26.312500        0.500000
       26.437500        0.500000
       26.562500        0.500000
       26.687500        0.500000
       26.812500        0.500000
       26.937500        0.500000
       27.062500        0.500000
       27.187500        0.500000
       27.312500        0.500000
       27.437500        0.500000
       27.562500        0.500000
       27.687500        0.500000
       27.812500        0.500000
       27.937500        0.500000
       28.062500        0.500000
       28.187500        0.500000
       28.312500        0.500000
       28.437500        0.500000
       28.562500        0.500000
       28.687500        0.500000
       28.812500        0.500000
       28.937500        0.500000
       29.062500        0.500000
       29.187500        0.500000
       29.312500        0.500000
       29.437500        0.500000
       29.562500        0.500000
       29.687500        0.500000
       29.812500        0.500000
       29.937500        0.500000
       30.062500        0.500000
       30.187500        0.500000
       30.312500        0.500000
       30.437500        0.500000
       30.562500        0.500000
       30.687500        0.500000
       30.812500        0.500000
       30.937500        0.500000
       31.062500        0.500000
       31.187500        0.500000
       31.312500        0.500000
       31.437500        0.500000
       31.562500        0.500000
       31.687500        0.500000
       31.812500        0.500000
       31.937500        0.500000
       32.062500        0.500000
       32.187500        0.500000
       32.312500        0.500000
       32.437500        0.500000
       32.562500        0.500000
       32.687500        0.500000
       32.812500        0.500000
       32.937500        0.500000
       33.062500        0.500000
       33.187500        0.500000
       33.312500        0.500000
       33.437500        0.500000
       33.562500        0.500000
       33.687500        0.500000
       33.812500        0.500000
       33.937500        0.500000
       34.062500        0.500000
       34.187500        0.500000
       34.312500        0.500000
       34.437500        0.500000
       34.562500        0.500000
       34.687500        0.500000
       34.812500        0.500000
       34.937500        0.500000
       35.062500        0.500000
       35.187500        0.500000
       35.312500        0.500000
       35.437500        0.500000
       35.562500        0.500000
       35.687500        0.500000
       35.812500        0.500000
       35.937500        0.500000
       36.062500        0.500000
       36.187500        0.500000
       36.312500        0.500000
       36.437500        0.500000
       36.562500        0.500000
       36.687500        0.500000
       36.812500        0.500000
       36.937500        0.500000
       37.062500        0.500000
       37.187500        0.500000
       37.312500        0.500000
       37.437500        0.500000
       37.562500        0.500000
       37.687500        0.500000
       37.812500        0.500000
       37.937500        0.500000
       38.062500        0.500000
       38.187500        0.500000
       38.312500        0.500000
       38.437500        0.500000
       38.562500        0.500000
       38.687500        0.500000
       38.812500        0.500000
       38.937500        0.500000
       39.062500        0.500000
       39.187500        0.500000
       39.312500        0.500000
       39.437500        0.500000
       39.562500        0.500000
       39.687500        0.500000
       39.812500        0.500000
       39.937500        0.500000
       40.062500        0.500000
       40.187500        0.500000
       40.312500        0.500000
       40.437500        0.500000
       40.562500        0.500000
       40.687500        0.500000
       40.812500        0.500000
       40.937500        0.500000
       41.062500        0.500000
       41.187500        0.500000
       41.312500        0.500000
       41.437500        0.500000
       41.562500        0.500000
       41.687500        0.500000
       41.812500        0.500000
       41.937500        0.500000
       42.062500        0.500000
       42.187500        0.500000
       42.312500        0.500000
       42.437500        0.500000
       42.562500        0.500000
       42.687500        0.500000
       42.812500        0.500000
       42.937500        0.500000
       43.062500        0.500000
       43.187500        0.500000
       43.312500        0.500000
       43.437500        0.500000
       43.562500        0.500000
       43.687500        0.500000
       43.812500        0.500000
       43.937500        0.500000
       44.062500        0.500000
       44.187500        0.500000
       44.312500        0.500000
       44.437500        0.500000
       44.562500        0.500000
       44.687500        0.500000
       44.812500        0.500000
       44.937500        0.500000
       45.062500        0.500000
       45.187500        0.500000
       45.312500        0.500000
       45.437500        0.500000
       45.562500        0.500000
       45.687500        0.500000
       45.812500        0.500000
       45.937500        0.500000
       46.062500        0.500000
       46.187500        0.500000
       46.312500        0.500000
       46.437500        0.500000
       46.562500        0.500000
       46.687500        0.500000
       46.812500        0.500000
       46.937500        0.500000
       47.062500        0.500000
       47.187500        0.500000
       47.312500        0.500000
       47.437500        0.500000
       47.562500        0.500000
       47.687500        0.500000
       47.812500        0.500000
       47.937500        0.500000
       48.062500        0.500000
       48.187500        0.500000
       48.312500        0.500000
       48.437500        0.500000
       48.562500        0.500000
       48.687500        0.500000
       48.812500        0.500000
       48.937500        0.500000
       49.062500        0.500000
       49.187500        0.500000
       49.312500        0.500000
       49.437500        0.500000
       49.562500        0.500000
       49.687500        0.500000
       49.812500        0.500000
       49.937500        0.500000
       50.062500        0.500000
       50.187500        0.500000
       50.312500        0.500000
       50.437500        0.500000
       50.562500        0.500000
       50.687500        0.500000
       50.812500        0.500000
       50.937500        0.500000
       51.062500        0.500000
       51.187500        0.500000
       51.312500        0.500000
       51.437500        0.500000
       51.562500        0.500000
       51.687500        0.500000
       51.812500        0.500000
       51.937500        0.500000
       52.062500        0.500000
       52.187500        0.500000
       52.312500        0.500000
       52.437500        0.500000
       52.562500        0.500000
       52.687500        0.500000
       52.812500        0.500000
       52.937500        0.500000
       53.062500        0.500000
       53.187500        0.500000
       53.312500        0.500000
       53.437500        0.500000
       53.562500        0.500000
       53.687500        0.500000
       53.812500        0.500000
       53.937500        0.500000
       54.062500        0.500000
       54.187500        0.500000
       54.312500        0.500000
       54.437500        0.500000
       54.562500        0.500000
       54.687500        0.500000
       54.812500        0.500000
       54.937500        0.500000
       55.062500        0.500000
       55.187500        0.500000
       55.312500        0.500000
       55.437500        0.500000
       55.562500        0.500000
       55.687500        0.500000
       55.812500        0.500000
       55.937500        0.500000
       56.062500        0.500000
       56.187500        0.500000
       56.312500        0.500000
       56.437500        0.500000
       56.562500        0.500000
       56.687500        0.500000
       56.812500        0.500000
       56.937500        0.500000
       57.062500        0.500000
       57.187500        0.500000
       57.312500        0.500000
       57.437500        0.500000
       57.562500        0.500000
       57.687500        0.500000
       57.812500        0.500000
       57.937500        0.500000
       58.062500        0.500000
       58.187500        0.500000
       58.312500        0.500000
       58.437500        0.500000
       58.562500        0.500000
       58.687500        0.500000
       58.812500        0.500000
       58.937500        0.500000
       59.062500        0.500000
       59.187500        0.500000
       59.312500        0.500000
       59.437500        0.500000
       59.562500        0.500000
       59.687500        0.500000
       59.812500        0.500000
       59.937500        0.500000
       60.062500        0.500000
       60.187500        0.500000
       60.312500        0.500000
       60.437500        0.500000
       60.562500        0.500000
       60.687500        0.500000
       60.812500        0.500000
       60.937500        0.500000
       61.062500        0.500000
       61.187500        0.500000
       61.312500        0.500000
       61.437500        0.500000
       61.562500        0.500000
       61.687500        0.500000
       61.812500        0.500000
       61.937500        0.500000
       62.062500        0.500000
       62.187500        0.500000
       62.312500        0.500000
       62.437500        0.500000
       62.562500        0.500000
       62.687500        0.500000
       62.812500        0.500000
       62.937500        0.500000
       63.062500        0.500000
       63.187500        0.500000
       63.312500        0.500000
       63.437500        0.500000
       63.562500        0.500000
       63.687500        0.500000
       63.812500        0.500000
       63.937500        0.500000
       64.062500        0.500000
       64.187500        0.500000
       64.312500        0.500000
       64.437500        0.500000
       64.562500        0.500000
       64.687500        0.500000
       64.812500        0.500000
       64.937500        0.500000
       65.062500        0.500000
       65.187500        0.500000
       65.312500        0.500000
       65.437500        0.500000
       65.562500        0.500000
       65.687500        0.500000
       65.812500        0.500000
       65.937500        0.500000
       66.062500        0.500000
       66.187500        0.500000
       66.312500        0.500000
       66.437500        0.500000
       66.562500        0.500000
       66.687500        0.500000
       66.812500        0.500000
       66.937500        0.500000
       67.062500        0.500000
       67.187500        0.500000
       67.312500        0.500000
       67.437500        0.500000
       67.562500        0.500000
       67.687500        0.500000
       67.812500        0.500000
       67.937500        0.500000
       68.062500        0.500000
       68.187500        0.500000
       68.312500        0.500000
       68.437500        0.500000
       68.562500        0.500000
       68.687500        0.500000
       68.812500        0.500000
       68.937500        0.500000
       69.062500        0.500000
       69.187500        0.500000
       69.312500        0.500000
       69.437500        0.500000
       69.562500        0.500000
       69.687500        0.500000
       69.812500        0.500000
       69.937500        0.500000
       70.062500        0.500000
       70.187500        0.500000
       70.312500        0.500000
       70.437500        0.500000
       70.562500        0.500000
       70.687500        0.500000
       70.812500        0.500000
       70.937500        0.500000
       71.062500        0.500000
       71.187500        0.500000
       71.312500        0.500000
       71.437500        0.500000
       71.562500        0.500000
       71.687500        0.500000
       71.812500        0.500000
       71.937500        0.500000
       72.062500        0.500000
       72.187500        0.500000
       72.312500        0.500000
       72.437500        0.500000
       72.562500        0.500000
       72.687500        0.500000
       72.812500        0.500000
       72.937500        0.500000
       73.062500        0.500000
       73.187500        0.500000
       73.312500        0.500000
       73.437500        0.500000
       73.562500        0.500000
       73.687500        0.500000
       73.812500        0.500000
       73.937500        0.500000
       74.062500        0.500000
       74.187500        0.500000
       74.312500        0.500000
       74.437500        0.500000
       74.562500        0.500000
       74.687500        0.500000
       74.812500        0.500000
       74.937500        0.500000
       75.062500        0.500000
       75.187500        0.500000
       75.312500        0.500000
       75.437500        0.500000
       75.562500        0.500000
       75.687500        0.500000
       75.812500        0.500000
       75.937500        0.500000
       76.062500        0.500000
       76.187500        0.500000
       76.312500        0.500000
       76.437500        0.500000
       76.562500        0.500000
       76.687500        0.500000
       76.812500        0.500000
       76.937500        0.500000
       77.062500        0.500000
       77.187500        0.500000
       77.312500        0.500000
       77.437500        0.500000
       77.562500        0.500000
       77.687500        0.500000
       77.812500        0.500000
       77.937500        0.500000
       78.062500        0.500000
       78.187500        0.500000
       78.312500        0.500000
       78.437500        0.500000
       78.562500        0.500000
       78.687500        0.500000
       78.812500        0.500000
       78.937500        0.500000
       79.062500        0.500000
       79.187500        0.500000
       79.312500        0.500000
       79.437500        0.500000
       79.562500        0.500000
       79.687500        0.500000
       79.812500        0.500000
       79.937500        0.500000
       80.062500        0.500000
       80.187500        0.500000
       80.312500        0.500000
       80.437500        0.500000
       80.562500        0.500000
       80.687500        0.500000
       80.812500        0.500000
       80.937500        0.500000
       81.062500        0.500000
       81.187500        0.500000
       81.312500        0.500000
       81.437500        0.500000
       81.562500        0.500000
       81.687500        0.500000
       81.812500        0.500000
       81.937500        0.500000
       82.062500        0.500000
       82.187500        0.500000
       82.312500        0.500000
       82.437500        0.500000
       82.562500        0.500000
       82.687500        0.500000
       82.812500        0.500000
       82.937500        0.500000
       83.062500        0.500000
       83.187500        0.500000
       83.312500        0.500000
       83.437500        0.500000
       83.562500        0.500000
       83.687500        0.500000
       83.812500        0.500000
       83.937500        0.500000
       84.062500        0.500000
       84.187500        0.500000
       84.312500        0.500000
       84.437500        0.500000
       84.562500        0.500000
       84.687500        0.500000
       84.812500        0.500000
       84.937500        0.500000
       85.062500        0.500000
       85.187500        0.500000
       85.312500        0.500000
       85.437500        0.500000
       85.562500        0.500000
       85.687500        0.500000
       85.812500        0.500000
       85.937500        0.500000
       86.062500        0.500000
       86.187500        0.500000
       86.312500        0.500000
       86.437500        0.500000
       86.562500        0.500000
       86.687500        0.500000
       86.812500        0.500000
       86.937500        0.500000
       87.062500        0.500000
       87.187500        0.500000
       87.312500        0.500000
       87.437500        0.500000
       87.562500        0.500000
       87.687500        0.500000
       87.812500        0.500000
       87.937500        0.500000
       88.062500        0.500000
       88.187500        0.500000
       88.312500        0.500000
       88.437500        0.500000
       88.562500        0.500000
       88.687500        0.500000
       88.812500        0.500000
       88.937500        0.500000
       89.062500        0.500000
       89.187500        0.500000
       89.312500        0.500000
       89.437500        0.500000
       89.562500        0.500000
       89.687500        0.500000
       89.812500        0.500000
       89.937500        0.500000
       90.062500        0.500000
       90.187500        0.500000
       90.312500        0.500000
       90.437500        0.500000
       90.562500        0.500000
       90.687500        0.500000
       90.812500        0.500000
       90.937500        0.500000
       91.062500        0.500000
       91.187500        0.500000
       91.312500        0.500000
       91.437500        0.500000
       91.562500        0.500000
       91.687500        0.500000
       91.812500        0.500000
       91.937500        0.500000
       92.062500        0.500000
       92.187500        0.500000
       92.312500        0.500000
       92.437500        0.500000
       92.562500        0.500000
       92.687500        0.500000
       92.812500        0.500000
       92.937500        0.500000
       93.062500        0.500000
       93.187500        0.500000
       93.312500        0.500000
       93.437500        0.500000
       93.562500        0.500000
       93.687500        0.500000
       93.812500        0.500000
       93.937500        0.500000
       94.062500        0.500000
       94.187500        0.500000
       94.312500        0.500000
       94.437500        0.500000
       94.562500        0.500000
       94.687500        0.500000
       94.812500        0.500000
       94.937500        0.500000
       95.062500        0.500000
       95.187500        0.500000
       95.312500        0.500000
       95.437500        0.500000
       95.562500        0.500000
       95.687500        0.500000
       95.812500        0.500000
       95.937500        0.500000
       96.062500        0.500000
       96.187500        0.500000
       96.312500        0.500000
       96.437500        0.500000
       96.562500        0.500000
       96.687500        0.500000
       96.812500        0.500000
       96.937500        0.500000
       97.062500        0.500000
       97.187500        0.500000
       97.312500        0.500000
       97.437500        0.500000
       97.562500        0.500000
       97.687500        0.500000
       97.812500        0.500000
       97.937500        0.500000
       98.062500        0.500000
       98.187500        0.500000
       98.312500        0.500000
       98.437500        0.500000
       98.562500        0.500000
       98.687500        0.500000
       98.812500        0.500000
       98.937500        0.500000
       99.062500        0.500000
       99.187500        0.500000
       99.312500        0.500000
       99.437500        0.500000
       99.562500        0.500000
       99.687500        0.500000
       99.812500        0.500000
       99.937500        0.500000
      100.062500        0.500000
      100.187500        0.500000
      100.312500        0.500000
      100.437500        0.500000
      100.562500        0.500000
      100.687500        0.500000
      100.812500        0.500000
      100.937500        0.500000
      101.062500        0.500000
      101.187500        0.500000
      101.312500        0.500000
      101.437500        0.500000
      101.562500        0.500000
      101.687500        0.500000
      101.812500        0.500000
      101.937500        0.500000
      102.062500        0.500000
      102.187500        0.500000
      102.312500        0.500000
      102.437500        0.500000
      102.562500        0.500000
      102.687500        0.500000
      102.812500        0.500000
      102.937500        0.500000
      103.062500        0.500000
      103.187500        0.500000
      103.312500        0.500000
      103.437500        0.500000
      103.562500        0.500000
      103.687500        0.500000
      103.812500        0.500000
      103.937500        0.500000
      104.062500        0.500000
      104.187500        0.500000
      104.312500        0.500000
      104.437500        0.500000
      104.562500        0.500000
      104.687500        0.500000
      104.812500        0.500000
      104.937500        0.500000
      105.062500        0.500000
      105.187500        0.500000
      105.312500        0.500000
      105.437500        0.500000
      105.562500        0.500000
      105.687500        0.500000
      105.812500        0.500000
      105.937500        0.500000
      106.062500        0.500000
      106.187500        0.500000
      106.312500        0.500000
      106.437500        0.500000
      106.562500        0.500000
      106.687500        0.500000
      106.812500        0.500000
      106.937500        0.500000
      107.062500        0.500000
      107.187500        0.500000
      107.312500        0.500000
      107.437500        0.500000
      107.562500        0.500000
      107.687500        0.500000
      107.812500        0.500000
      107.937500        0.500000
      108.062500        0.500000
      108.187500        0.500000
      108.312500        0.500000
      108.437500        0.500000
      108.562500        0.500000
      108.687500        0.500000
      108.812500        0.500000
      108.937500        0.500000
      109.062500        0.500000
      109.187500        0.500000
      109.312500        0.500000
      109.437500        0.500000
      109.562500        0.500000
      109.687500        0.500000
      109.812500        0.500000
      109.937500        0.500000
      110.062500        0.500000
      110.187500        0.500000
      110.312500        0.500000
      110.437500        0.500000
      110.562500        0.500000
      110.687500        0.500000
      110.812500        0.500000
      110.937500        0.500000
      111.062500        0.500000
      111.187500        0.500000
      111.312500        0.500000
      111.437500        0.500000
      111.562500        0.500000
      111.687500        0.500000
      111.812500        0.500000
      111.937500        0.500000
      112.062500        0.500000
      112.187500        0.500000
      112.312500        0.500000
      112.437500        0.500000
      112.562500        0.500000
      112.687500        0.500000
      112.812500        0.500000
      112.937500        0.500000
      113.062500        0.500000
      113.187500        0.500000
      113.312500        0.500000
      113.437500        0.500000
      113.562500        0.500000
      113.687500        0.500000
      113.812500        0.500000
      113.937500        0.500000
      114.062500        0.500000
      114.187500        0.500000
      114.312500        0.500000
      114.437500        0.500000
      114.562500        0.500000
      114.687500        0.500000
      114.812500        0.500000
      114.937500        0.500000
      115.062500        0.500000
      115.187500        0.500000
      115.312500        0.500000
      115.437500        0.500000
      115.562500        0.500000
      115.687500        0.500000
      115.812500        0.500000
      115.937500        0.500000
      116.062500        0.500000
      116.187500        0.500000
      116.312500        0.500000
      116.437500        0.500000
      116.562500        0.500000
      116.687500        0.500000
      116.812500        0.500000
      116.937500        0.500000
      117.062500        0.500000
      117.187500        0.500000
      117.312500        0.500000
      117.437500        0.500000
      117.562500        0.500000
      117.687500        0.500000
      117.812500        0.500000
      117.937500        0.500000
      118.062500        0.500000
      118.187500        0.500000
      118.312500        0.500000
      118.437500        0.500000
      118.562500        0.500000
      118.687500        0.500000
      118.812500        0.500000
      118.937500        0.500000
      119.062500        0.500000
      119.187500        0.500000
      119.312500        0.500000
      119.437500        0.500000
      119.562500        0.500000
      119.687500        0.500000
      119.812500        0.500000
      119.937500        0.500000
      120.062500        0.500000
      120.187500        0.500000
      120.312500        0.500000
      120.437500        0.500000
      120.562500        0.500000
      120.687500        0.500000
      120.812500        0.500000
      120.937500        0.500000
      121.062500        0.500000
      121.187500        0.500000
      121.312500        0.500000
      121.437500        0.500000
      121.562500        0.500000
      121.687500        0.500000
      121.812500        0.500000
      121.937500        0.500000
      122.062500        0.500000
      122.187500        0.500000
      122.312500        0.500000
      122.437500        0.500000
      122.562500        0.500000
      122.687500        0.500000
      122.812500        0.500000
      122.937500        0.500000
      123.062500        0.500000
      123.187500        0.500000
      123.312500        0.500000
      123.437500        0.500000
      123.562500        0.500000
      123.687500        0.500000
      123.812500        0.500000
      123.937500        0.500000
      124.062500        0.500000
      124.187500        0.500000
      124.312500        0.500000
      124.437500        0.500000
      124.562500        0.500000
      124.687500        0.500000
      124.812500        0.500000
      124.937500        0.500000
      125.062500        0.500000
      125.187500        0.500000
      125.312500        0.500000
      125.437500        0.500000
      125.562500        0.500000
      125.687500        0.500000
      125.812500        0.500000
      125.937500        0.500000
      126.062500        0.500000
      126.187500        0.500000
      126.312500        0.500000
      126.437500        0.500000
      126.562500        0.500000
      126.687500        0.500000
      126.812500        0.500000
      126.937500        0.500000
      127.062500        0.500000
      127.187500        0.500000
      127.312500        0.500000
      127.437500        0.500000
      127.562500        0.500000
      127.687500        0.500000
      127.812500        0.500000
      127.937500        0.500000
      128.062500        0.500000
      128.187500        0.500000
      128.312500        0.500000
      128.437500        0.500000
      128.562500        0.500000
      128.687500        0.500000
      128.812500        0.500000
      128.937500        0.500000
      129.062500        0.500000
      129.187500        0.500000
      129.312500        0.500000
      129.437500        0.500000
      129.562500        0.500000
      129.687500        0.500000
      129.812500        0.500000
      129.937500        0.500000
      130.062500        0.500000
      130.187500        0.500000
      130.312500        0.500000
      130.437500        0.500000
      130.562500        0.500000
      130.687500        0.500000
      130.812500        0.500000
      130.937500        0.500000
      131.062500        0.500000
      131.187500        0.500000
      131.312500        0.500000
      131.437500        0.500000
      131.562500        0.500000
      131.687500        0.500000
      131.812500        0.500000
      131.937500        0.500000
      132.062500        0.500000
      132.187500        0.500000
      132.312500        0.500000
      132.437500        0.500000
      132.562500        0.500000
      132.687500        0.500000
      132.812500        0.500000
      132.937500        0.500000
      133.062500        0.500000
      133.187500        0.500000
      133.312500        0.500000
      133.437500        0.500000
      133.562500        0.500000
      133.687500        0.500000
      133.812500        0.500000
      133.937500        0.500000
      134.062500        0.500000
      134.187500        0.500000
      134.312500        0.500000
      134.437500        0.500000
      134.562500        0.500000
      134.687500        0.500000
      134.812500        0.500000
      134.937500        0.500000
      135.062500        0.500000
      135.187500        0.500000
      135.312500        0.500000
      135.437500        0.500000
      135.562500        0.500000
      135.687500        0.500000
      135.812500        0.500000
      135.937500        0.500000
      136.062500        0.500000
      136.187500        0.500000
      136.312500        0.500000
      136.437500        0.500000
      136.562500        0.500000
      136.687500        0.500000
      136.812500        0.500000
      136.937500        0.500000
      137.062500        0.500000
      137.187500        0.500000
      137.312500        0.500000
      137.437500        0.500000
      137.562500        0.500000
      137.687500        0.500000
      137.812500        0.500000
      137.937500        0.500000
      138.062500        0.500000
      138.187500        0.500000
      138.312500        0.500000
      138.437500        0.500000
      138.562500        0.500000
      138.687500        0.500000
      138.812500        0.500000
      138.937500        0.500000
      139.062500        0.500000
      139.187500        0.500000
      139.312500        0.500000
      139.437500        0.500000
      139.562500        0.500000
      139.687500        0.500000
      139.812500        0.500000
      139.937500        0.500000
      140.062500        0.500000
      140.187500        0.500000
      140.312500        0.500000
      140.437500        0.500000
      140.562500        0.500000
      140.687500        0.500000
      140.812500        0.500000
      140.937500        0.500000
      141.062500        0.500000
      141.187500        0.500000
      141.312500        0.500000
      141.437500        0.500000
      141.562500        0.500000
      141.687500        0.500000
      141.812500        0.500000
      141.937500        0.500000
      142.062500        0.500000
      142.187500        0.500000
      142.312500        0.500000
      142.437500        0.500000
      142.562500        0.500000
      142.687500        0.500000
      142.812500        0.500000
      142.937500        0.500000
      143.062500        0.500000
      143.187500        0.500000
      143.312500        0.500000
      143.437500        0.500000
      143.562500        0.500000
      143.687500        0.500000
      143.812500        0.500000
      143.937500        0.500000
      144.062500        0.500000
      144.187500        0.500000
      144.312500        0.500000
      144.437500        0.500000
      144.562500        0.500000
      144.687500        0.500000
      144.812500        0.500000
      144.937500        0.500000
      145.062500        0.500000
      145.187500        0.500000
      145.312500        0.500000
      145.437500        0.500000
      145.562500        0.500000
      145.687500        0.500000
      145.812500        0.500000
      145.937500        0.500000
      146.062500        0.500000
      146.187500        0.500000
      146.312500        0.500000
      146.437500        0.500000
      146.562500        0.500000
      146.687500        0.500000
      146.812500        0.500000
      146.937500        0.500000
      147.062500        0.500000
      147.187500        0.500000
      147.312500        0.500000
      147.437500        0.500000
      147.562500        0.500000
      147.687500        0.500000
      147.812500        0.500000
      147.937500        0.500000
      148.062500        0.500000
      148.187500        0.500000
      148.312500        0.500000
      148.437500        0.500000
      148.562500        0.500000
      148.687500        0.500000
      148.812500        0.500000
      148.937500        0.500000
      149.062500        0.500000
      149.187500        0.500000
      149.312500        0.500000
      149.437500        0.500000
      149.562500        0.500000
      149.687500        0.500000
      149.812500        0.500000
      149.937500        0.500000
      150.062500        0.500000
      150.187500        0.500000
      150.312500        0.500000
      150.437500        0.500000
      150.562500        0.500000
      150.687500        0.500000
      150.812500        0.500000
      150.937500        0.500000
      151.062500        0.500000
      151.187500        0.500000
      151.312500        0.500000
      151.437500        0.500000
      151.562500        0.500000
      151.687500        0.500000
      151.812500        0.500000
      151.937500        0.500000
      152.062500        0.500000
      152.187500        0.500000
      152.312500        0.500000
      152.437500        0.500000
      152.562500        0.500000
      152.687500        0.500000
      152.812500        0.500000
      152.937500        0.500000
      153.062500        0.500000
      153.187500        0.500000
      153.312500        0.500000
      153.437500        0.500000
      153.562500        0.500000
      153.687500        0.500000
      153.812500        0.500000
      153.937500        0.500000
      154.062500        0.500000
      154.187500        0.500000
      154.312500        0.500000
      154.437500        0.500000
      154.562500        0.500000
      154.687500        0.500000
      154.812500        0.500000
      154.937500        0.500000
      155.062500        0.500000
      155.187500        0.500000
      155.312500        0.500000
      155.437500        0.500000
      155.562500        0.500000
      155.687500        0.500000
      155.812500        0.500000
      155.937500        0.500000
      156.062500        0.500000
      156.187500        0.500000
      156.312500        0.500000
      156.437500        0.500000
      156.562500        0.500000
      156.687500        0.500000
      156.812500        0.500000
      156.937500        0.500000
      157.062500        0.500000
      157.187500        0.500000
      157.312500        0.500000
      157.437500        0.500000
      157.562500        0.500000
      157.687500        0.500000
      157.812500        0.500000
      157.937500        0.500000
      158.062500        0.500000
      158.187500        0.500000
      158.312500        0.500000
      158.437500        0.500000
      158.562500        0.500000
      158.687500        0.500000
      158.812500        0.500000
      158.937500        0.500000
      159.062500        0.500000
      159.187500        0.500000
      159.312500        0.500000
      159.437500        0.500000
      159.562500        0.500000
      159.687500        0.500000
      159.812500        0.500000
      159.937500        0.500000
      160.062500        0.500000
      160.187500        0.500000
      160.312500        0.500000
      160.437500        0.500000
      160.562500        0.500000
      160.687500        0.500000
      160.812500        0.500000
      160.937500        0.500000
      161.062500        0.500000
      161.187500        0.500000
      161.312500        0.500000
      161.437500        0.500000
      161.562500        0.500000
      161.687500        0.500000
      161.812500        0.500000
      161.937500        0.500000
      162.062500        0.500000
      162.187500        0.500000
      162.312500        0.500000
      162.437500        0.500000
      162.562500        0.500000
      162.687500        0.500000
      162.812500        0.500000
      162.937500        0.500000
      163.062500        0.500000
      163.187500        0.500000
      163.312500        0.500000
      163.437500        0.500000
      163.562500        0.500000
      163.687500        0.500000
      163.812500        0.500000
      163.937500        0.500000
      164.062500        0.500000
      164.187500        0.500000
      164.312500        0.500000
      164.437500        0.500000
      164.562500        0.500000
      164.687500        0.500000
      164.812500        0.500000
      164.937500        0.500000
      165.062500        0.500000
      165.187500        0.500000
      165.312500        0.500000
      165.437500        0.500000
      165.562500        0.500000
      165.687500        0.500000
      165.812500        0.500000
      165.937500        0.500000
      166.062500        0.500000
      166.187500        0.500000
      166.312500        0.500000
      166.437500        0.500000
      166.562500        0.500000
      166.687500        0.500000
      166.812500        0.500000
      166.937500        0.500000
      167.062500        0.500000
      167.187500        0.500000
      167.312500        0.500000
      167.437500        0.500000
      167.562500        0.500000
      167.687500        0.500000
      167.812500        0.500000
      167.937500        0.500000
      168.062500        0.500000
      168.187500        0.500000
      168.312500        0.500000
      168.437500        0.500000
      168.562500        0.500000
      168.687500        0.500000
      168.812500        0.500000
      168.937500        0.500000
      169.062500        0.500000
      169.187500        0.500000
      169.312500        0.500000
      169.437500        0.500000
      169.562500        0.500000
      169.687500        0.500000
      169.812500        0.500000
      169.937500        0.500000
      170.062500        0.500000
      170.187500        0.500000
      170.312500        0.500000
      170.437500        0.500000
      170.562500        0.500000
      170.687500        0.500000
      170.812500        0.500000
      170.937500        0.500000
      171.062500        0.500000
      171.187500        0.500000
      171.312500        0.500000
      171.437500        0.500000
      171.562500        0.500000
      171.687500        0.500000
      171.812500        0.500000
      171.937500        0.500000
      172.062500        0.500000
      172.187500        0.500000
      172.312500        0.500000
      172.437500        0.500000
      172.562500        0.500000
      172.687500        0.500000
      172.812500        0.500000
      172.937500        0.500000
      173.062500        0.500000
      173.187500        0.500000
      173.312500        0.500000
      173.437500        0.500000
      173.562500        0.500000
      173.687500        0.500000
      173.812500        0.500000
      173.937500        0.500000
      174.062500        0.500000
      174.187500        0.500000
      174.312500        0.500000
      174.437500        0.500000
      174.562500        0.500000
      174.687500        0.500000
      174.812500        0.500000
      174.937500        0.500000
      175.062500        0.500000
      175.187500        0.500000
      175.312500        0.500000
      175.437500        0.500000
      175.562500        0.500000
      175.687500        0.500000
      175.812500        0.500000
      175.937500        0.500000
      176.062500        0.500000
      176.187500        0.500000
      176.312500        0.500000
      176.437500        0.500000
      176.562500        0.500000
      176.687500        0.500000
      176.812500        0.500000
      176.937500        0.500000
      177.062500        0.500000
      177.187500        0.500000
      177.312500        0.500000
      177.437500        0.500000
      177.562500        0.500000
      177.687500        0.500000
      177.812500        0.500000
      177.937500        0.500000
      178.062500        0.500000
      178.187500        0.500000
      178.312500        0.500000
      178.437500        0.500000
      178.562500        0.500000
      178.687500        0.500000
      178.812500        0.500000
      178.937500        0.500000
      179.062500        0.500000
      179.187500        0.500000
      179.312500        0.500000
      179.437500        0.500000
      179.562500        0.500000
      179.687500        0.500000
      179.812500        0.500000
      179.937500        0.500000
      180.062500        0.500000
      180.187500        0.500000
      180.312500        0.500000
      180.437500        0.500000
      180.562500        0.500000
      180.687500        0.500000
      180.812500        0.500000
      180.937500        0.500000
      181.062500        0.500000
      181.187500        0.500000
      181.312500        0.500000
      181.437500        0.500000
      181.562500        0.500000
      181.687500        0.500000
      181.812500        0.500000
      181.937500        0.500000
      182.062500        0.500000
      182.187500        0.500000
      182.312500        0.500000
      182.437500        0.500000
      182.562500        0.500000
      182.687500        0.500000
      182.812500        0.500000
      182.937500        0.500000
      183.062500        0.500000
      183.187500        0.500000
      183.312500        0.500000
      183.437500        0.500000
      183.562500        0.500000
      183.687500        0.500000
      183.812500        0.500000
      183.937500        0.500000
      184.062500        0.500000
      184.187500        0.500000
      184.312500        0.500000
      184.437500        0.500000
      184.562500        0.500000
      184.687500        0.500000
      184.812500        0.500000
      184.937500        0.500000
      185.062500        0.500000
      185.187500        0.500000
      185.312500        0.500000
      185.437500        0.500000
      185.562500        0.500000
      185.687500        0.500000
      185.812500        0.500000
      185.937500        0.500000
      186.062500        0.500000
      186.187500        0.500000
      186.312500        0.500000
      186.437500        0.500000
      186.562500        0.500000
      186.687500        0.500000
      186.812500        0.500000
      186.937500        0.500000
      187.062500        0.500000
      187.187500        0.500000
      187.312500        0.500000
      187.437500        0.500000
      187.562500        0.500000
      187.687500        0.500000
      187.812500        0.500000
      187.937500        0.500000
      188.062500        0.500000
      188.187500        0.500000
      188.312500        0.500000
      188.437500        0.500000
      188.562500        0.500000
      188.687500        0.500000
      188.812500        0.500000
      188.937500        0.500000
      189.062500        0.500000
      189.187500        0.500000
      189.312500        0.500000
      189.437500        0.500000
      189.562500        0.500000
      189.687500        0.500000
      189.812500        0.500000
      189.937500        0.500000
      190.062500        0.500000
      190.187500        0.500000
      190.312500        0.500000
      190.437500        0.500001
      190.562500        0.500001
      190.687500        0.500001
      190.812500        0.500001
      190.937500        0.500001
      191.062500        0.500002
      191.187500        0.500002
      191.312500        0.500003
      191.437500        0.500004
      191.562500        0.500004
      191.687500        0.500006
      191.812500        0.500007
      191.937500        0.500009
      192.062500        0.500011
      192.187500        0.500013
      192.312500        0.500016
      192.437500        0.500020
      192.562500        0.500025
      192.687500        0.500030
      192.812500        0.500037
      192.937500        0.500045
      193.062500        0.500054
      193.187500        0.500066
      193.312500        0.500079
      193.437500        0.500096
      193.562500        0.500115
      193.687500        0.500138
      193.812500        0.500166
      193.937500        0.500198
      194.062500        0.500235
      194.187500        0.500280
      194.312500        0.500332
      194.437500        0.500392
      194.562500        0.500462
      194.687500        0.500544
      194.812500        0.500639
      194.937500        0.500748
      195.062500        0.500874
      195.187500        0.501018
      195.312500        0.501184
      195.437500        0.501373
      195.562500        0.501588
      195.687500        0.501833
      195.812500        0.502111
      195.937500        0.502426
      196.062500        0.502780
      196.187500        0.503180
      196.312500        0.503628
      196.437500        0.504129
      196.562500        0.504689
      196.687500        0.505313
      196.812500        0.506007
      196.937500        0.506775
      197.062500        0.507625
      197.187500        0.508562
      197.312500        0.509593
      197.437500        0.510725
      197.562500        0.511964
      197.687500        0.513317
      197.812500        0.514791
      197.937500        0.516393
      198.062500        0.518131
      198.187500        0.520010
      198.312500        0.522039
      198.437500        0.524223
      198.562500        0.526569
      198.687500        0.529084
      198.812500        0.531773
      198.937500        0.534643
      199.062500        0.537697
      199.187500        0.540942
      199.312500        0.544381
      199.437500        0.548019
      199.562500        0.551858
      199.687500        0.555901
      199.812500        0.560151
      199.937500        0.564609
      200.062500        0.569276
      200.187500        0.574151
      200.312500        0.579235
      200.437500        0.584527
      200.562500        0.590024
      200.687500        0.595724
      200.812500        0.601625
      200.937500        0.607723
      201.062500        0.614013
      201.187500        0.620491
      201.312500        0.627152
      201.437500        0.633991
      201.562500        0.641001
      201.687500        0.648177
      201.812500        0.655511
      201.937500        0.662998
      202.062500        0.670630
      202.187500        0.678400
      202.312500        0.686301
      202.437500        0.694326
      202.562500        0.702468
      202.687500        0.710719
      202.812500        0.719073
      202.937500        0.727523
      203.062500        0.736062
      203.187500        0.744683
      203.312500        0.753381
      203.437500        0.762149
      203.562500        0.770982
      203.687500        0.779873
      203.812500        0.788819
      203.937500        0.797813
      204.062500        0.806852
      204.187500        0.815931
      204.312500        0.825046
      204.437500        0.834194
      204.562500        0.843370
      204.687500        0.852572
      204.812500        0.861797
      204.937500        0.871042
      205.062500        0.880305
      205.187500        0.889584
      205.312500        0.898876
      205.437500        0.908180
      205.562500        0.917495
      205.687500        0.926819
      205.812500        0.936151
      205.937500        0.945489
      206.062500        0.954834
      206.187500        0.964183
      206.312500        0.973537
      206.437500        0.982894
      206.562500        0.992254
      206.687500        1.001616
      206.812500        1.010981
      206.937500        1.020348
      207.062500        1.029716
      207.187500        1.039085
      207.312500        1.048456
      207.437500        1.057827
      207.562500        1.067199
      207.687500        1.076572
      207.812500        1.085945
      207.937500        1.095318
      208.062500        1.104692
      208.187500        1.114066
      208.312500        1.123440
      208.437500        1.132814
      208.562500        1.142189
      208.687500        1.151563
      208.812500        1.160938
      208.937500        1.170312
      209.062500        1.179687
      209.187500        1.189061
      209.312500        1.198436
      209.437500        1.207810
      209.562500        1.217184
      209.687500        1.226558
      209.812500        1.235931
      209.937500        1.245304
      210.062500        1.254677
      210.187500        1.264049
      210.312500        1.273420
      210.437500        1.282791
      210.562500        1.292160
      210.687500        1.301528
      210.812500        1.310894
      210.937500        1.320258
      211.062500        1.329619
      211.187500        1.338977
      211.312500        1.348332
      211.437500        1.357681
      211.562500        1.367025
      211.687500        1.376361
      211.812500        1.385689
      211.937500        1.395008
      212.062500        1.404314
      212.187500        1.413606
      212.312500        1.422881
      212.437500        1.432136
      212.562500        1.441367
      212.687500        1.450570
      212.812500        1.459740
      212.937500        1.468872
      213.062500        1.477959
      213.187500        1.486994
      213.312500        1.495968
      213.437500        1.504872
      213.562500        1.513696
      213.687500        1.522427
      213.812500        1.531052
      213.937500        1.539557
      214.062500        1.547923
      214.187500        1.556134
      214.312500        1.564169
      214.437500        1.572006
      214.562500        1.579620
      214.687500        1.586984
      214.812500        1.594071
      214.937500        1.600849
      215.062500        1.607286
      215.187500        1.613345
      215.312500        1.618989
      215.437500        1.624178
      215.562500        1.628871
      215.687500        1.633023
      215.812500        1.636589
      215.937500        1.639523
      216.062500        1.641775
      216.187500        1.643297
      216.312500        1.644039
      216.437500        1.643951
      216.562500        1.642983
      216.687500        1.641088
      216.812500        1.638216
      216.937500        1.634323
      217.062500        1.629366
      217.187500        1.623304
      217.312500        1.616100
      217.437500        1.607722
      217.562500        1.598143
      217.687500        1.587341
      217.812500        1.575299
      217.937500        1.562008
      218.062500        1.547464
      218.187500        1.531673
      218.312500        1.514646
      218.437500        1.496404
      218.562500        1.476975
      218.687500        1.456395
      218.812500        1.434708
      218.937500        1.411968
      219.062500        1.388234
      219.187500        1.363574
      219.312500        1.338063
      219.437500        1.311782
      219.562500        1.284818
      219.687500        1.257263
      219.812500        1.229213
      219.937500        1.200769
      220.062500        1.172032
      220.187500        1.143107
      220.312500        1.114099
      220.437500        1.085112
      220.562500        1.056250
      220.687500        1.027612
      220.812500        0.999297
      220.937500        0.971399
      221.062500        0.944006
      221.187500        0.917201
      221.312500        0.891062
      221.437500        0.865659
      221.562500        0.841056
      221.687500        0.817306
      221.812500        0.794459
      221.937500        0.772554
      222.062500        0.751622
      222.187500        0.731689
      222.312500        0.712769
      222.437500        0.694871
      222.562500        0.677998
      222.687500        0.662142
      222.812500        0.647294
      222.937500        0.633436
      223.062500        0.620544
      223.187500        0.608592
      223.312500        0.597548
      223.437500        0.587377
      223.562500        0.578043
      223.687500        0.569504
      223.812500        0.561719
      223.937500        0.554646
      224.062500        0.548241
      224.187500        0.542461
      224.312500        0.537262
      224.437500        0.532601
      224.562500        0.528438
      224.687500        0.524731
      224.812500        0.521441
      224.937500        0.518533
      225.062500        0.515969
      225.187500        0.513718
      225.312500        0.511747
      225.437500        0.510028
      225.562500        0.508534
      225.687500        0.507239
      225.812500        0.506122
      225.937500        0.505160
      226.062500        0.504336
      226.187500        0.503631
      226.312500        0.503032
      226.437500        0.502523
      226.562500        0.502093
      226.687500        0.501730
      226.812500        0.501426
      226.937500        0.501171
      227.062500        0.500958
      227.187500        0.500782
      227.312500        0.500636
      227.437500        0.500515
      227.562500        0.500416
      227.687500        0.500335
      227.812500        0.500269
      227.937500        0.500215
      228.062500        0.500171
      228.187500        0.500136
      228.312500        0.500108
      228.437500        0.500085
      228.562500        0.500067
      228.687500        0.500052
      228.812500        0.500041
      228.937500        0.500032
      229.062500        0.500025
      229.187500        0.500019
      229.312500        0.500015
      229.437500        0.500011
      229.562500        0.500009
      229.687500        0.500007
      229.812500        0.500005
      229.937500        0.500004
      230.062500        0.500003
      230.187500        0.500002
      230.312500        0.500002
      230.437500        0.500001
      230.562500        0.500001
      230.687500        0.500001
      230.812500        0.500000
      230.937500        0.500000
      231.062500        0.500000
      231.187500        0.500000
      231.312500        0.500000
      231.437500        0.500000
      231.562500        0.500000
      231.687500        0.500000
      231.812500        0.500000
      231.937500        0.500000
      232.062500        0.500000
      232.187500        0.500000
      232.312500        0.500000
      232.437500        0.500000
      232.562500        0.500000
      232.687500        0.500000
      232.812500        0.500000
      232.937500        0.500000
      233.062500        0.500000
      233.187500        0.500000
      233.312500        0.500000
      233.437500        0.500000
      233.562500        0.500000
      233.687500        0.500000
      233.812500        0.500000
      233.937500        0.500000
      234.062500        0.500000
      234.187500        0.500000
      234.312500        0.500000
      234.437500        0.500000
      234.562500        0.500000
      234.687500        0.500000
      234.812500        0.500000
      234.937500        0.500000
      235.062500        0.500000
      235.187500        0.500000
      235.312500        0.500000
      235.437500        0.500000
      235.562500        0.500000
      235.687500        0.500000
      235.812500        0.500000
      235.937500        0.500000
      236.062500        0.500000
      236.187500        0.500000
      236.312500        0.500000
      236.437500        0.500000
      236.562500        0.500000
      236.687500        0.500000
      236.812500        0.500000
      236.937500        0.500000
      237.062500        0.500000
      237.187500        0.500000
      237.312500        0.500000
      237.437500        0.500000
      237.562500        0.500000
      237.687500        0.500000
      237.812500        0.500000
      237.937500        0.500000
      238.062500        0.500000
      238.187500        0.500000
      238.312500        0.500000
      238.437500        0.500000
      238.562500        0.500000
      238.687500        0.500000
      238.812500        0.500000
      238.937500        0.500000
      239.062500        0.500000
      239.187500        0.500000
      239.312500        0.500000
      239.437500        0.500000
      239.562500        0.500000
      239.687500        0.500000
      239.812500        0.500000
      239.937500        0.500000
